11.912337616515718
23.0603688996468
17.943208725761025
20.731215994659404
36.864301633682
42.53385402471075
46.0581416199543
70.28718813971973
21.901079462373183
35.31800355004782
70.77714415012973
75.96955077711164
78.36235055854746
74.76384672604061
81.69242094385487
82.54029542631564
85.84994082237606
85.0046924523184
84.64955182785967
84.03339930717559
87.49423451178082
91.17403819163253
91.52750300526762
91.2846176455146
90.50925615879878
96.45186490511482
92.00919228609779
93.63672894022928
98.49880358366461
101.46606791631926
97.29728526693074
101.41031816063442
97.19144465736196
103.86846751214519
103.91307117801566
101.76326198961736
105.88263689245825
100.9530743438704
106.07637761626319
107.34229328802562
110.40537556675812
108.29996454930743
109.38087847864381
105.92333435580686
111.41655757095162
108.15974050650047
114.19188664713782
109.98909268902091
110.88891310289027
109.39510760535589
107.38404128997571
110.27955449391604
106.18733403058656
106.23092943308261
110.41079124545578
109.25083964027611
104.76461947191842
106.15760846330438
112.48255979271673
106.35481502684887
111.60700272599486
103.25376269149785
108.0304311637451
109.42474358840431
106.76405931666599
100.44714696844459
104.10586313998431
98.49261680196483
103.81872691090658
102.08405250824816
97.49493022782293
97.00028333671551
96.57868490537565
96.08790014123963
95.6624282466006
96.06061418733437
91.14440776660031
92.01371933620652
89.57977705745408
86.11356022393694
90.59350781878597
85.14161020400321
88.12767673937337
80.53675524452858
86.64867662765243
83.80451793836907
76.44077167577264
75.70881712310171
73.31416788779707
75.40796819973143
75.42309661279667
39.75646465846784
25.58368607458204
68.56445439082863
16.36703303948753
20.563703436761536
42.7532581329491
28.173462646201283
24.330006149995445
55.217648096931576
40.51118208061743
31.57457179998455
12.115224584646283
54.9970173733472
13.234233805681427
29.763927754706483
35.83129051635323
43.477027008611635
13.83383349978865
22.261613071342417
26.87548774599066
38.77309723448245
7.339555349777458
15.97806866222351
33.483901282940934
17.314257582991935
22.96595946716557
10.590024148170812
23.91536781346572
10.498202496825302
22.28843727436039
14.195168438737712
17.599568533603588
18.224429092922612
11.468503892038688
14.097255255300462
14.660583002221106
16.078303249319543
7.2454326961389794
9.850109864295725
7.73388962096659
2.6381556349260427
4.538085393859614
8.629565753405847
8.942830730181072
4.455413706965285
6.261439464156101
7.578658177149766
7.582239267871287
5.1580670552326175
1.517363621842595
4.3302489853238555
2.706021673439172
1.7347273853533751
2.486377898287761
2.720688435739309
2.9664493307652275
3.8031119333343666
1.5264102498658192
2.7778534664137213
1.6478901993501949
2.336990694855631
1.6851183559989988
5.1947288331495916
4.19427244671094
2.1643203586853894
1.2232997445393214
5.420226510908142
2.2904418299591796
2.9574930488720557
6.250523125332331
2.417203679051625
7.447091720140424
2.3449827210334115
2.4344652554251884
5.45445537910828
9.64384206545093
3.878362445140821
2.4528929801359456
6.392142703221197
9.337938333233957
3.2269205818116786
9.61651925914029
14.36133633019347
13.982900685352565
17.653283785351043
19.52468218523937
5.948096059554243
6.14603790398582
12.850634244974918
26.12007975804394
23.792123291682724
17.20320972021834
25.72967182179972
23.428479882384426
12.4752686861787
12.150856889436897
20.514785923424128
13.156273487312422
37.29142283410897
16.183348789405166
37.912116594145495
17.01957224742019
10.827306269413889
43.57380462980971
9.792327196805166
19.405808715624993
42.260401927071925
48.562637413950654
23.70785671242202
31.155583833060646
27.86364407004629
31.90107491886928
30.805227803018123
31.900691633854457
45.43914018266864
32.97274893676945
30.406266940027955
62.52291857369757
52.18468842016583
73.43604941792289
74.2426208361146
77.21809833703814
77.85052552578897
77.72672848497825
80.17133533598619
83.02831713751664
81.30065423860215
81.19719931745077
84.2615810170184
85.17400155515108
88.23788149238743
93.53466873300427
91.60885205449608
95.01090300491943
98.51943033010727
95.81582145805741
96.16105325923837
99.93317854490212
96.5949393847696
99.85266668113395
100.02765903335612
101.74022380511852
103.99560149489298
102.36269748226039
107.12597951572116
106.76435544096465
103.70268554520669
101.6540268818863
109.97088358499084
108.45732610659365
110.39717854636623
107.01130723667595
109.38115964456475
108.48327489786098
108.01633324201461
111.08086715449669
110.96744539292574
111.21708652072164
113.8707910903892
114.35344651572237
108.28403338104968
112.54948174597646
104.57283704849122
109.17697709779239
112.87278400511106
111.88446715680678
109.90541921084022
112.4914884441624
106.03053071841373
103.82492041664862
102.47261361606338
101.75532828251792
102.58532959499207
105.20080438585937
107.68442083096672
101.88450540818783
101.02677459632874
97.77355438923037
100.80730374137482
96.3731915970534
101.21796481676402
95.40907127464966
95.44163159729578
96.58822753586576
95.01406605656575
95.15981707151781
96.39536322714507
90.3529517561453
88.36974240197155
91.08595244710193
85.41794286285275
83.66777909682583
83.52251751070469
79.06697417741027
82.00606862902688
81.6505218423843
79.47817376073934
76.71453756315728
73.93144749190573
72.29848424540121
27.06347802847477
65.64490441965701
66.72255184317213
40.782303142463675
67.76447519268123
53.172588745335915
16.589735901452816
52.55625401621789
45.134814057381355
34.1612989099509
34.66461504221793
48.747481347021356
29.394268037734804
49.73981533446964
27.497711327882794
47.748015073245796
9.407381134021536
36.02081130985115
18.00629185992688
37.59156025016114
11.001008477093443
10.13313191853662
33.362386939507914
9.14310882783746
24.1034240220962
16.900041562488305
16.468019079207743
24.828725608621422
20.715254027061004
5.36007626636721
25.55316847363779
15.091868129294383
13.320457032219002
6.2117185400730826
12.290702933269499
9.450929635758754
16.289940179773215
4.501818455543744
7.427633252814404
14.049220281937256
11.97259843278491
3.8892778500075478
2.8642411819794327
3.3935873419798375
6.083089941142332
8.814134405646108
4.706241471668921
3.1875779246928855
6.1751916199510575
7.596896325415999
6.322835560114002
1.822253043194864
2.1744413194139716
4.713568995844452
3.595229228317213
4.580535008681814
2.3614182345668504
4.174193416537531
2.86516971490177
3.4788950130961744
3.45133946760728
3.499820118005788
4.098069393502354
1.8812288017346157
3.4345002287212867
3.815304162510529
3.150583124558173
6.412018203243398
2.093490110729527
1.4808370039556247
2.6166776261726454
8.059317725154195
7.3929336964085985
9.529492576365394
4.975009669592868
9.707652916708069
6.058206737124603
5.696664869545955
11.52757423811966
3.6600423850851374
10.418661548084915
5.860738724302605
16.382069191655432
10.730119289114613
15.719825468448128
4.690712809897098
13.415719154547691
8.95502864063598
19.10251045696718
26.498292305990855
6.550825818386665
25.811753571715798
29.256667830240836
32.90801660105982
16.193864433024956
16.599843836592502
19.188850389573492
19.8513552260053
32.84337348815741
12.947354149596713
37.471064206813004
28.52898876433353
26.09239638449327
28.26320334576008
22.06141666132249
15.333311833953196
16.094421266062493
21.264839342341986
15.58768823317284
25.852974473238266
50.53263908175158
44.43613457645071
49.95955900286724
17.00002734197089
16.54500808452229
56.65834090722262
67.51717053504949
49.84559845913648
30.192801640774718
71.34520736450769
77.94419532581232
78.27231453583535
76.85526888041731
76.79156668694509
79.21212151218886
83.39930433450041
87.26592867017942
84.64943763920826
83.58031005877207
89.55848858181558
89.43580578492187
86.38429394857819
89.07552703823377
95.81137712780722
92.77210857895263
98.63094024379396
101.14468144436294
96.65668746760898
99.7261471549502
95.50881951714469
104.08157713201967
102.37010328971046
107.79931958099635
99.15682061883992
104.09989991007272
108.92909966351338
105.1679544546066
109.3986829386353
109.93633448708648
107.00029782214794
106.10839099481584
107.4277485719465
104.98928182751517
111.20931735959495
109.2799182847986
112.9132749181108
111.39369471819008
104.62703435306736
109.81127078685245
108.40003818179741
113.30989779957906
109.56409913382868
112.7916133946062
105.86284979432226
105.81157152320736
112.02481574207691
104.53221726912432
109.26285209418269
107.97828378243182
108.59528007137416
111.5026813592974
104.3953029308691
103.3647537339574
101.01634441778218
108.41964531457847
99.9104508390833
98.34901148738676
99.43731260950894
97.38484051112158
100.36629353965813
102.91387174335398
99.45377027433052
93.85639623687932
98.8233699970491
95.05390950076251
96.95537911139873
94.54641358039827
86.18174126201667
90.00077501553122
85.99822701167554
87.06163507793384
82.88402077573181
86.67294411575008
80.98717134644389
80.14703553968498
76.5846008843274
77.20044712157026
76.85401127326496
75.17377599558878
73.45576075833037
63.13462519850054
14.934493427787112
49.11996205542613
38.10751729301791
67.9789997267439
49.18945250103527
64.0797113601154
21.88119146624519
23.70977887484612
40.49311896005851
41.577443576250666
41.75241045030838
33.77992926104345
50.401062694486384
22.277155305859047
14.829603462984391
40.700320037827105
45.63631786285666
13.270225910842354
32.47997104380112
35.691102695844805
15.608721031000297
7.286096675663422
24.665989096204786
20.962441009524966
6.155642300897041
9.252031499114542
11.93132070136386
20.724463195058586
10.516347467377042
20.33305145504459
16.28381416223846
13.28093026670961
11.71564223168954
7.532730080606642
12.94103741790423
4.3043243654344545
12.360341301473095
12.485473212028067
5.819301961162342
7.314682878738743
3.0452446402716493
2.6637583505758813
11.864665944947987
6.930976186444843
2.9636409460707105
8.990025698007539
5.289628653546883
4.24311294105602
2.317066709140388
4.86467273701642
2.3671398989384045
4.985717086609091
5.177380995204168
3.6248140209851276
3.217920760235576
3.9133183967825538
3.0045592549986595
2.313975786760108
5.361746867430197
2.7954665988423915
2.035565033075893
4.552304189716338
1.002451378557128
2.251662524107223
2.330690344756362
2.0715840048202323
2.1108021831334995
2.812603634686812
1.8349375149343057
3.564729435627508
5.745025712102112
6.323852649032519
5.0284703064948815
8.596655162660667
3.317523858284771
8.704930797803618
10.145940987581794
10.670605614722465
3.129305164023701
9.675867957911468
9.920848184245884
13.15659527570166
12.155351995823635
4.725924127018129
16.469478469032296
18.664553262913124
15.576987021662715
10.882030224760728
21.542161383229043
24.60787811564182
19.170383055501276
29.58782102994493
24.43569225067693
21.400214181562035
29.2142502849647
10.893495584660691
29.082695080818937
38.96028694922482
39.64692148097044
13.616462726070075
30.860063659590573
19.730082638616388
19.793641228007555
10.230320931080923
32.66260664437192
18.532131662734407
21.427083205917466
38.89936480675672