18.843625666044048
16.73671945726591
29.13498433565533
55.656096603291445
36.920321717529724
41.882976499869294
15.344129670071124
13.528774253185292
56.92441218044611
14.804158645253686
74.93577930374812
71.72486629819645
78.53930172438069
74.44728839405163
76.28207880337779
80.79789449370381
79.97622748823791
85.42326653183784
87.62930481075777
85.75120943535613
86.05742648495715
87.87184290845055
86.87099983100435
90.26438766156967
90.37680966958553
95.35336089546666
95.46663205761433
95.145069373096
99.29870349005452
102.58705580063571
96.13587644075709
97.73402595534165
98.50642459163427
106.05415275777474
104.70994221826784
106.93230986753044
106.58084646745847
101.54641277255321
102.61474534347391
104.80119722564494
103.20734160299727
109.03132531268663
107.75475876751504
104.84342723783685
110.86938685193894
108.25739970325249
109.62241132726359
108.84206771769604
104.66081751944303
106.94264904941237
105.36969663335981
109.78874144000628
111.98802115592642
106.97676566934588
106.96535020447423
107.95878287207327
112.04427868386657
112.45421231387317
104.74532411621
107.38267949179537
102.07438584220326
107.87014022459486
110.19652801034293
108.52332129886886
103.62299728092906
100.14316409161285
107.78036794891577
98.9119552403871
105.9902547140744
97.91794860274668
99.99037205598815
103.28841465547923
93.70125959972249
98.31693826447415
93.85446558787832
98.79613103721076
96.23239160153435
92.62497815863333
91.13906778961673
93.34487988304387
86.95360389326626
85.5852219917963
83.8028006334585
86.99428242831031
79.15295270649581
81.05986331405417
78.82880089369951
79.82384118708693
73.97927178297081
71.6125504336303
76.48221991392593
70.50164245793
37.549679812971284
33.03240986883976
36.450538270402006
24.698464158075915
46.14692668002817
28.98668835670757
56.4353083418099
34.5144754220888
38.23686540885522
56.34493623358531
12.298852327253131
14.158817815755635
39.30088857845409
34.98000919225676
49.2517251235133
39.74068210086075
39.684351920331395
42.9873173125333
36.39983248766147
36.71875329822587
21.291178930684726
7.555152016844363
21.346201094099136
10.71234222896031
28.770915455956157
25.553510860942012
21.212912799007626
9.433900803609637
19.008634919746648
18.23783321897366
20.069490565907362
5.619633129097129
4.847894135920767
4.4281145480743005
17.780782808270153
12.460697929192614
16.685579087581257
10.42801549181488
14.693279726461993
14.292581080374731
9.783068922808866
3.119860963471871
11.590312693299419
10.71719538722466
2.199744281450423
4.237676108957084
8.234094864297415
5.688328179432537
5.944227716507439
6.28340627764463
2.1603417805359015
2.4045574795657063
1.4981665649554126
1.3913296171072753
2.1053741360074096
1.0072289166168822
1.724276682416601
4.643445937704707
2.761164542438718
2.902982077264904
3.1660068722272596
3.7393923010023777
5.134331015680823
4.655341006573817
2.333943957726219
3.099969488542964
1.4759039144468211
5.965210792957043
1.9471690189574375
6.067553060740823
1.681208482652376
7.123154982821254
5.44722355559873
6.074295903393616
3.664148714488328
10.478256056359687
8.223451986977476
3.561490615385746
4.8961118682184335
7.782304605299589
13.003419795825767
16.182489609070906
14.477899546596628
18.686388924323907
9.038551599869555
6.779386184521199
8.511707230854533
18.297326998761633
24.09934226585696
23.678627817953338
14.31271434530798
13.753363477974895
32.518572897636496
31.07531077600327
20.274985738288315
33.11402350022244
36.61537749636303
38.08057957416825
21.16842318326837
31.3489324899832
33.363383459934504
45.16840798015941
13.212262421959924
46.93881004974329
36.1789360515852
17.801032127406337
15.038128337560869
14.352091818824142
25.039896888263133
60.7030065402973
35.80739052249053
36.16290417352796
47.54386590783342
33.516701398900025
21.784130236123275
39.49364181616312
18.069069507947013
19.752539085860466
71.4688348980394
71.76732404966654
79.39967760138215
78.22459306188097
82.45884734679449
84.29992873928424
83.28437538456978
82.86659866365333
86.38758487287453
87.88167448245412
87.14470508530732
93.17469509704527
89.92640645849676
91.24263931273097
94.78216835262519
92.30034057798288
91.12560938559378
95.35022744129962
100.58665724122228
100.64163100331163
103.52810785720952
97.07806931390303
102.89783081825298
103.83907616636036
101.13648685361167
99.6868585437659
105.95830996155175
103.56570388722153
102.51292253247416
105.28022852042018
107.63626366784365
104.10981833077535
108.24911631848538
108.53321691650237
108.34627494518236
110.5691472310638
107.84024107894979
108.62918103202378
107.10429414360897
106.86635407466099
113.107633211838
111.61061017456457
113.38144052206972
114.16547881359108
110.00390937390537
112.37220258112741
104.05928915556427
105.31423303001542
112.79985155569673
113.25691363276609
110.07728215032431
103.26999996490227
105.31171240813372
101.26973395640391
107.47046170804599
105.69207095658311
101.29958058788061
104.84206447855667
104.78431711635277
104.32961157107911
96.65078164500262
97.10900073846771
94.61399734853707
93.80126402329628
93.6799216306306
90.85827764037361
94.98827693815366
90.89253239330651
91.55349241457537
85.08276046096674
90.69351629691461
90.91969333793129
83.31635798498571
81.60455235741915
83.1444188201292
81.3502079892147
76.15606958751025
80.68183874454225
73.94455449454954
77.15645049858743
74.35892756097597
62.690131276733005
68.2546848368213
64.47984994841838
17.627470557690266
20.32271239184655
54.50145674150214
32.82773816482565
47.469633108466795
61.053494289662424
22.860575267566173
46.721853702285614
42.605328173286125
49.78443785397811
17.98174503477597
38.74565983784032
29.94380027461605
20.21667142962077
45.43528763059923
40.08549689843147
10.792327706309688
24.902064069970013
35.81769109755559
11.906188800228097
32.23296774484322
24.457462777743913
24.37720691129031
23.881185774892145
7.146451612925504
17.468873061434184
11.411578056851035
20.94057973182501
19.687354674317287
10.192833641776614
20.783881327627533
20.51550477131263
18.87906952457115
7.058958207646019
9.5596076623569
10.904820863489492
9.642477676988683
14.151415557218494
7.69731338867806
8.51411430645493
9.356920071376928
6.439694681810741
5.249173902457841
5.070924421088224
2.340678872069569
5.558543030991123
5.3952916469313426
6.353296090111296
3.4071630395781254
2.4622125733334945
1.969794818152647
4.465521600521923
4.007897199006324
5.191488518605736
1.0563607052296304
2.8836721179482137
1.826602200210239
2.820504839164657
5.306445547517078
2.992672846253784
1.3835895813339558
5.077727679311299
1.5977808216464084
3.3385949017356906
5.299258876231555
2.720224852486086
4.693949543912004
3.4059265125613067
3.7363624453255704
4.3921896395486675
8.289172363442958
10.488340506564697
4.225139316551496
8.69617154304919
13.081308419953523
6.357974259607689
7.201075052526259
7.838489397044036
10.187354924656628
5.174267190398752
5.539922363905178
18.68139641605195
8.407740125692673
9.564655960924727
21.34166039497284
20.465623626399594
20.919753306741768
18.649589706500947
19.432107997702605
6.628260230341946
29.377245017630628
32.372231442131586
16.116026279422925
8.856436129176059
35.70540225263075
33.307959943088754
17.717554211143685
38.47204638247478
13.88148743752281
28.194406517412308
21.796864988904
22.204722916933818
21.15276920125156
35.309416037356335
38.50065252870149
21.649818727642977
49.33579745048049
25.00883292445577
19.1967616182051
22.188677609146595
46.88383162495336
13.59884307962696
63.357115992746415
54.673482696854805
41.995876015741935
41.26442056779209
73.03931196104243
74.8915457300478
76.72628433236025
74.9747810946732
82.40493714120144
81.87479019841666
79.84087035302132
86.35663839249567
87.59353652256875
89.25573457379845
85.13584192469469
85.80688644914937
90.28011784063756
93.71552927734156
95.84409923569616
97.36146537702776
96.57134610660258
99.84508812260343
98.0480202467954
101.05440917384433
101.23532703682102
98.36793492741828
101.8136771783275
104.07163678205389
105.30265894663317
101.01349924527642
107.36427980302629
109.25800392901301
106.94398830601986
102.98876937081808
106.26373282966996
105.9285441797201
112.15412197990673
104.66621413848063
107.15290822630043
104.92335131565973
110.61387346595127
105.84932569619238
105.72307110249955
112.35096346480594
109.0611624771888
113.13793383293225
109.92681540119526
107.52099839246203
106.5761720519202
109.67220081669102
105.76674460612855
105.16816401060785
104.43598162657794
105.23241402288053
109.92429895473708
106.68143669573331
107.78567021152345
101.67673624941446
109.97727782921368
104.96618476271296
98.43115905374081
100.59257335128692
97.65186009878485
104.11826354667441
97.12905634673523
97.05422019816804
98.09303643532074
95.30036127815971
91.12756479372239
95.84661724616274
90.66870542944325
93.15499998479315
92.97925370993033
90.93949426568327
84.50990831310335
86.59703335317306
82.09753889784866
84.97913244317068
80.5353329048422
81.12892155941265
83.26184383442099
77.17354673068658
74.03420327591954
77.94659205635502
70.52087348816144
29.082301804514856
72.9503023648872
42.55227560505214
29.39142681338772
41.98465737462792
40.503530732136625
53.995059522505976
57.53214920634072
46.629667912965246
44.74145945533522
21.240402895723808
31.573686420563448
34.94555655805701
19.2285891542438
35.04213759690294
46.44886230043402
10.491521061371028
37.30898756054334
23.66052869586035
26.301839301373295
16.633103339495708
19.900686584809247
7.2547209897859535
22.708509471216384
25.082159054109596
19.690901110573076
16.206728256857375
21.563536338357135
25.344748589428722
6.626521986012571
8.707779389225294
20.184177385199515
21.6034801033084
7.260490581574186
9.21979140986569
13.022117116105724
12.602651011179372
5.480364212941065
13.132217193702886
3.3218353323571135
3.696438528012306
5.5414509470332165
10.446524753437645
6.234359150663696
9.99907436784264
4.301998493473089
8.388517936855376
5.931185509491952
7.537259781797129
7.4650063156427535
6.251100740419446
4.316769484584325
4.046063722948324
4.971680976004449
1.1357100515676635
4.245360180890846
2.155198271976534
3.445169542305816
5.031087587231868
1.795925758051235
2.431774197636803
4.310112785303736
1.860283147130882
3.7124635941268727
4.746397281121989
3.3192899509285083
1.7416318500955523
2.238710394096236
6.065106546388915
6.699152113267916
3.0418197975402794
7.101572412510336
9.796468471596523
3.6247019336000332
10.113477163105792
9.973553034970163
11.37428987097462
12.581034763674
11.02045433582022
6.55372528507791
5.145213266468576
11.589762473484793
3.8127138302699195
17.9021772280842
12.488002697068312
14.525171217072694
20.85049630848539
10.339584434566365
24.674601528892936
15.806636399961485
8.404498583298272
26.930904581664766
22.18920693079514
18.948654275938754
10.717214415219983
15.517002061631256
25.949122458508423
30.519617567110267
15.717535057413453
30.39682706228063
23.743731332255795
35.28219559889509
27.68871383428802
38.27593901460465
33.88905061320222
50.88190955219008
44.07452880351298
32.04539157988942
23.63774087063248
16.08625827046894
50.21006282699291
43.4513524204212
43.30517238267439
61.70061233517916
34.308480372529246
38.13683916107211
22.395850923465073
37.91567876197228
67.16596769078537
76.61286734735866
72.22122341741078
78.57254500996865
76.78146134194076
82.03308954026464
82.13279080744998
86.8689386313914
85.68146924855313
86.42012578008583
84.26753194654486
90.58645742546264
93.03928224821777
89.92745080353009
93.5562887381001
92.19676295453434
91.8785095621002
97.36222125100112
96.822914852432
96.44930637753018
101.18832052912622
101.90456059032074
97.76617707353284
105.54551569724737
105.63866008990978
106.26172759708555
104.20991733804983
108.88539997874535
104.19635654317534
108.47681155729734
108.56084113344168
110.11807492240811
109.68789464031647
107.5034363452759
108.7140347874658
112.8517427005372
114.27181059854775
108.37253877961591
108.27489063528498
110.20169208982125
109.09266439805343
111.34030351593286
107.28618177361636
108.9370319454198
107.7666160995257
106.53879848471061
108.13173758265387
112.97905189247246
112.28607099635474
111.73764412124788
110.55333344312967
104.22948230843724
111.05632881945836
101.29356108431021
105.89279681722313
108.22696037261117
102.53998112490297
105.03408239260763
106.37760750397942
98.38846244003825
104.44784780265638
98.87774556065813
96.7991217030028
95.59988778820271
97.95422705040686
91.29342223192887
95.40098125637823
95.33902203586605
89.23469024093158
92.17519395193621
90.8063418391677
89.16154022256327
87.74192080363535
88.01407600442536
80.79196302789234
81.52808425690121
82.82175330172451
81.18566426007898
74.62537394945888
74.04416607216555
78.0556811044862
76.10530796672279
32.569091476327145
57.35220101169058
37.48176495560027
47.11170398962393
20.696467421025694
50.979651124478295
46.47286356145154
27.508342225872155
18.829264897896415
17.77345343687556
47.32793508591904
52.15599518177498
43.99488334866375
14.986616631216233
27.75118510145154
31.343679030601194
19.526611294905397
45.9511101482796
11.991998619643965
35.05517694165453
33.29398777038603
24.27898479511888
8.040229908587733
13.281703496107692
25.046568754285367
27.00754169434709
14.927409169382972
30.69321229852311
22.632731383077132
6.875999327266904
18.984912442847026
13.779586458686262
8.519373858551416
6.358732871949394
9.456013597187713
16.61422834622726
9.965391006840644
3.844804422720739
16.44646828175659
8.880145047459823
11.481196688891394
10.952174150169771
11.483084567144239
10.766853947036777
2.7148356638228153
5.752667402189257
1.8882101269530058
3.5689873313929716
4.585805444171697
1.6284435749636936
5.777144049384993
3.875265649181481
2.0208209777329604
2.843680517569924
2.6421742655376317
2.9791055797183406
1.890447361428817
3.3411363785697206
4.526035061312964
1.0373916785031028
4.353759614304279
2.5502656897528206
2.7304144786734947
2.6311597477090976
5.2895069364966485
3.5090110718577905
5.22898069114429
3.7917001793266873
3.881119280431968
4.641601135274133
5.010039444558207
6.009015554370764
7.932424900262568
2.8484816936014723
9.030804450720705
9.755726127908007
10.00930075339912
3.349430518257379
9.021934894001665
5.993901587407315
3.1260148603017677
14.151641222835423
17.290739356960092
16.31599368185919
20.710628346680274
21.791238166483033
13.880733005865679
12.399871906335044
19.429897521456233
21.725439588646424
20.721601021052685
24.777722628407936
18.353498201593634
31.85931015502839
7.624898277501687
31.627255722936333
18.069831099866565
12.698596441971132
28.25269168642584
27.364525510018982
40.57476932427353
13.149234732872271
13.064574675052114
39.79512535143397
48.51236538103172
42.55344106869761
10.800298892002443
15.720903616293029
17.24954471024232
48.61890285729223
51.54666839086755
22.573642186838796
12.444259017953634
12.63462669328984
60.68347345621579
26.79118747189885
62.537230537700594
53.31337961489881
74.23588590083403
70.30659186736129
76.04472021361282
73.9155625531018
77.8907127051901
80.50864242095403
78.29642403636228
85.42357396549598
85.63388841630952
81.63992892469345
91.04856911960668
86.80085952846522
92.9026338834444
93.03312220902866
94.27067277364127
91.82127192088257
92.28898767740966
93.90622989415543
95.96746297100943
94.07815053951786
95.28375124634425
102.31339254813983
100.60381947414278
104.99691271863321
98.13508647059108
104.13594816287251
104.6890883670896
104.35634972755898
108.3868226828006
104.10138826289146
103.02358658265808
102.1238067146981
112.30845354337148
105.99757740356208
107.7493869729553
111.94201309048762
109.84342418111358
112.2392216939341
107.46144855990418
110.82400431592706
112.00503994792248
114.34863421382607
109.10798360999011
104.37637925460349
105.42411580349366
113.26742280607078
110.13619150198059
104.13739476052936
111.32961136471006
112.95329507617221
109.3510012650823
109.02250471704134
109.15820227914976
104.58631754262771
104.25808234042555
104.68063174661557
108.05458950775258
104.21757656315442
100.40732168446016
103.66320033060046
98.19031185689619
100.66645781009221
101.94102462025889
99.14823435084898
95.86044795749542
93.23637326717845
93.88400142286527
90.87280455925655
89.95932689661045
94.08071966260755
92.09674533410941
87.89209681690697
83.7412952377757
83.83152134826304
85.51517453141315
81.60507940568777
83.16479673056996
78.95010933476446
77.2108384228447
79.284383172572
73.54615431356007
76.10428475572935
51.02273688024122
42.72594457621277
54.30973075240733
54.90169048372687
25.380176601599164
25.52906182578701
50.89785437678474
23.847614945334364
43.2933074171152
29.465810076562608
16.180677668861176
37.72377332876282
36.94458629780577
38.56696366098024
13.43514196604082
9.209576371284298
40.885208436996564
10.022990189375786
33.37369597533704
38.869224215823934
29.234953376030877
20.814330971899857
32.180146872070054
15.280645056019784
20.658602639668274
21.623503232802925
28.35727293016063
11.969813911733002
15.483542294180628
11.043123648199069
23.68046994177265
13.721182327138939
8.150911295166125
16.346989433644758
8.030774998896211
18.983540866035806
8.589921381239812
16.11937114474355
9.587592432619418
3.2179292433471733
5.721284716180055
10.01978201006347
4.006265445197549
9.322818376890858
4.441884232630456
7.870539446675655
7.181795812227414
2.7810617679451966
6.812898838741945
6.47357532506884
5.850226741833928
2.5943667957537757
5.941303996431958
2.7629943568471047
1.5596492009725318
3.3139330439306516
1.1859063264847804
3.620533886242808
2.741396792315371
2.7210459970654375
3.7076184259435174
2.9040344875489943
5.0207229442525305
3.0671834462414784
2.5865095782124925
4.869514675665244
1.829735659594082
2.2290258004096484
6.220886594582247
2.319694876622094
5.370294140621681
3.757999814082557
3.097006347572311
4.46023671309618
5.988699239533651
2.8688918075485574
8.304559480424087
8.696995312261908
13.417241823150198
12.372218944256952
13.956198949162182
16.50046533772244
5.74920026450957
15.52874157760956
16.58549141662721
14.270588926483455
12.354331795413982
13.85849416224923
8.64236901342327
26.802524334570478
11.563820033158146
10.870034106516842
30.654459672799117
29.993258548129205
14.222719839822332
12.037247045022509
12.066330360655936
14.313895916757232
11.99891898312605
40.16912114835908
42.614741330370514
25.76590984287137
37.795536202188714
16.689636864294126
38.009252188536
43.650900182099335
25.254805789201935
33.10443701502016
39.422928138785345
44.63297976342633
49.718181842262275
15.179051620601097
34.74257642341497
36.07757075747781
14.558292702757722
63.03195966351845
35.50455741009142
45.26996079287725
25.878544030676736
71.26628381983895
71.54297515573234
80.17929790429379
74.68941652258523
81.5874168366339
78.3509307701402
85.11303824133032
84.43267321298137
81.33775214182768
89.53982384248106
90.65974933900996
87.55574594942367
87.82574754181358
92.4215791433766
92.39154526572645
92.53921697463696
99.29289960329315
93.48218827538128
100.45329335940787
100.02375809795075
102.32571794025995
104.77994757106927
97.12338027539471
104.48726845948892
101.56990022845416
105.18562503748367
106.14052983375662
105.77711671832736
106.85819281346681
107.67503469135616
109.11180717203301
103.31139357767454
105.50763562758627
109.17847915246632
107.73573772534323
113.95514805611512
107.09457858502763
110.11878169354767
107.59712432131018
113.18996313258344
108.00813316938309
113.047033625255
110.53819136621277
110.5181223463448
112.99630152988763
108.8711732749927
109.8579492923949
108.49084285812883
112.22093875733003
109.7081110015884
112.10052943660172
106.71757879682444
110.22242930769234
108.7598567276731
108.53131490493418
101.13919470691106
101.95228239096713
105.00461020398009
102.28759215194638
99.8128875619297
103.15204565090315
102.16491182199573
101.17552705781316
96.13937745417071
93.40426518356274
94.34368743196998
94.37409165033203
96.73299877072841
88.21036632801291
92.2288975341733
87.6563297921141
84.80895933517257
88.11844677779867
84.37498507966552
84.39118343933715
78.42896708786695
78.82873629198762
79.91308324157237
78.50433279233896
71.62598427103329
76.240989952174
48.559483624619766
42.46182086964266
58.09263245794965
20.6995582897597
41.283038492172494
43.50742428345813
57.22382431839249
15.883365442324369
13.90759475053107
49.40077684528297
39.347596747143086
34.288843761031785
14.381908339023378
43.88584862104801
30.694496120077932
30.390127629694202
25.38129264377619
12.375366470438578
15.014860289743927
41.39658828897038
9.798874793383836
25.751085108548683
20.947163842805526
6.6910861812880835
12.09891758576229
16.358052521560943
7.457822788352079
26.50010386261257
11.342349174543497
7.27290810615408
23.66242447461029
10.332518218496684
6.096474543197273
10.956734148997437
15.653179595309563
5.347506339935114
11.65851075124657
14.078535153502354
7.848505377970965
11.335299597260528
12.396478362871033
8.661214065982282
2.5245821101429993
5.457987192498652
9.84449216636082
5.076818360443591
9.770452638298945
5.858100591438294
5.5924952276195175
4.969112142978085
5.572653360942257
2.966800047303299
4.1367893627419665
5.045390087227576
2.9948293569140407
1.5882387033702383
4.712669118083692
2.945528083269564
1.6645132981061292
4.455081733346125
4.415674906719835
2.025954849781454
3.206171186923603
3.7204809080195176
2.022958548590734
4.484151633250738
6.325371582699933
2.3253536687033685
3.944473193035824
1.933159927593809
2.2786938553578278
5.351194917810184
2.275073846939011
5.28892628995225
4.227655108448937
10.31207389462567
9.800523900479087
5.751661693922658
9.515081093130503
15.01672464499456
13.17964199847754
7.660953529666599
18.374417214649018
4.5952125061522615
19.43682765999899
6.238343417557911
17.3902046994499
17.948642707498987
20.404323922296868
6.4913690205415095
18.163314880285522
29.846026587003863
17.94405214205422
11.776736957890733
27.683739351044295
29.691637764630595
30.643036287557155
36.98400224810116
12.91322977629511
28.157111639758206
42.79483870019161
14.413582745299088
40.68259659475751
40.66956548775866
23.640983411235172
27.36675766267339
39.05366616649626
36.548857844767795
48.95872838999632
39.33615463510566
39.8869800297641
23.004975892189407
15.284948417104268
19.834977571246963
15.307802768540059
17.6960941988324
56.428756467254615
51.24591645183821
62.72325558268843
76.74837620415755
76.99262626110156
74.15154757477795
76.6494523236912
78.37408172796667
79.13513040225504
84.93506441760785
85.35270923738777
81.59183929671403
90.94040199495397
90.97869318239505
88.56500449976787
92.88704905720472
93.74478132740556
96.28422546458292
90.87861088221246
99.67444828004808
93.99630289537646
96.27066279212293
98.68164378113417
101.62781911880505
104.98791751714867
102.9244416773101
102.3221983096677
101.55478582119397
108.23588370349275
101.35368059773855
106.24735267459795
109.08223135296083
109.09354219325073
110.07190324440714
109.53625439273661
104.76849449893339
110.28046629818569
104.73945582412125
110.5307559949269
107.73863594701619
113.68261350429542
109.85921751209993
112.23060505684197
105.74078536256759
113.48565795040892
113.7428584062086
113.34909381353002
109.33547679567313
111.68285588009046
113.50898728061622
108.81536000842057
109.04802478370024
111.08773608612861
104.15637797108037
112.09793792571251
101.36562828250003
103.78488587952161
109.64758155241437
105.45857455724632
103.44214913205886
102.71952432938174
105.88471237000049
100.6033154695443
98.98244594346691
100.49475025315542
100.45237989768849
93.50221558809837
95.48494802855666
90.15059334018423
89.37551110850131
94.949686751592
87.90737438785095
86.86514397067869
89.63920181193701
85.09198904450562
86.55378741192067
85.45909895165158
86.60124193900657
84.4407000968694
79.21531427392668
74.2052630674345
74.37028171173937
74.54558929397437
73.84771974934354
60.17141269760321
23.79327214269187
16.753698290307494
50.51369479351645
44.70341929860326
35.34136914222533
62.30099744070953
21.5705430721094
29.440494214411743
16.668672231049097
40.30074069028699
26.24266411157568
25.105489818872535
34.57145807932094
40.31645536965549
17.18977680084086
43.01311977321038
10.703180283729445
17.007904600311964
32.739923959126656
27.019659024770917
30.70724992454235
11.409421760174117
30.798917976113902
31.697513469487284
28.934199423675736
7.216194946256648
24.249894000328442
23.390919362825844
5.8987958780115175
6.599322495272572
22.47422426796808
12.049068340755701
12.681441458377897
5.393750924731085
18.772585825143977
6.297466824708745
8.755332435009088
3.443102480460578
14.118309187790164
10.009968212026939
10.170238412191585
6.8112756630524505
9.526144445279298
10.250497269419963
3.1537737342354197
6.8084040196756614
3.3211568586804336
7.261280016673668
6.762965894049216
6.417478527908839
4.29447292836745
3.7395510034060315
3.400326466108734
2.4636976814495264
4.191030487471222
4.68392923267221
4.65501757709876
3.7089364754703844
1.9199192818953903
1.7459281350393698
2.736929045734666
2.582114128661641
4.915895402360913
2.7410893638019695
4.674944110870025
1.6797525758097913
4.854544580031918
2.926009535708242
4.229145845907636
1.891272760942302
5.584192246010581
4.867940122321941
1.81811861315398
10.642640272840133
11.635731889362834
7.907831720859583
10.714226290575589
13.692674542786149
10.656714374466771
14.640516434357494
13.862031171347713
7.386486343951953
15.19940917940844
4.572225944230793
10.975524961017625
11.621956028492487
7.7648754513029985
18.51530227804235
6.31759292603203
23.08152327689558
9.537816928220314
24.47912769323449
29.97925889303107
10.731072418137007
21.955117784759235
28.911515794431626
17.492857689379445
11.926947597319463
23.42549452441196
29.650805506436743
35.42803518391161
18.288648108144482
32.83017982750572
39.4773678280998
21.41097365274429
21.34556451084066
54.75965357831596
13.128681250112685
50.243184640342214
17.888224202103707
15.522344148610339
43.36229231159234
57.63301161298196
30.346708720607847
23.163063686980863
42.93943242066285
17.646129751172626
49.73261156581585
72.7368663584128
75.86899222271663
74.81773512317372
77.32801128790699
79.75349802377558
78.69999640108668
81.37168156307827
83.53779715670086
86.47103301721447
83.92319350209934
84.35095428196371
88.24369485414626
90.81424538225713
88.98481246951334
93.25363466257213
95.8113890170772
93.8974113882413
96.01258256790223
98.77234407840854
103.10703203737998
98.1227101313185
105.03883294041465
101.51717605258497
107.11558914151144
104.55871224600705
105.05803219585559
104.12575604606158
107.48928158161766
102.63851396734611
106.28896509904173
108.56170098314333
109.89002304870024
103.74488620147379
106.15843982733561
113.09931456590843
109.38098640268802
105.62262923214375
114.29163471085575
112.204196034815
105.5056834741099
107.57738645241793
108.6324955833461
111.9012408274706
105.37218130069643
104.63579009166428
113.61988386616692
104.81731945046019
103.17729263840963
105.90239054163521
104.09684993217958
109.49440139508634
111.6884451435136
108.28362844592577
105.91012847108392
109.67441083932276
103.13230377990425
107.70055211564772
103.06773913274378
97.39072552939274
101.78282811643447
98.97182208868776
101.67543437567747
99.24652626777008
93.87096655142908
95.18351017895786
97.6123427716809
90.95204281793164
93.03507747539739
87.6295631372803
90.50789867394465
85.42202073303925
88.77282948708894
82.05400634895824
81.36753345812846
81.39251352491308
77.77626031598064
80.80005396497182
79.22988037815672
74.00446871914404
71.42865986128876
76.97026705996907
35.49699246872924
70.60021574971428
61.71784046644571
43.330972084909135
13.865031952558386
38.62187763136868
34.394747251937154
52.46137885711877
39.683399856709826
44.402690758994204
23.389235413918783
32.33505425248627
43.630379363042394
23.53492454322881
20.648390509916158
22.45216929086664
17.84415687571116
39.50352892932712
10.584555726494925
32.49019422181942
24.038265309992163
23.832770495703276
24.260097571786055
36.13150028732489
25.89708914104608
19.29423681677363
20.10070300971312
30.259086177238657
9.834928203272325
11.279666993357178
7.370264443191093
4.843403809181794
12.732202037761269
12.994693323811015
12.148241724698861
13.449801520559777
12.284199674298758
15.847244465186343
14.410363985649509
5.502268593947443
8.377326685489265
10.353518332933984
8.964823878018812
3.5103240337300536
10.156690601499847
2.8892439568971304
5.440391089918112
6.060263711763007
5.336262362870944
3.8912779868285914
4.0846670434497625
1.6012517988818626
3.0278416267209325
5.045045865483592
2.172980020142765
1.0196412171702154
3.5296547033412495
3.7289206431983732
4.617936280290637
1.0074572555416155
1.6876875836776248
4.326443742039045
5.386758150758918
3.361235101642773
4.0500906122543014
1.0140101083758672
5.220701373744489
4.078877480140257
1.638762750698572
1.474273383175818
2.9150089093053078
6.558898795590558
8.694983297415801
3.8355814671721955
10.290960644523455
7.9013578512934535
10.549443238794447
6.194031943538795
9.038911991773277
5.1464897299465555
13.361241082138173
10.943754184538815
13.755273782912363
5.985307069110908
13.728517748396117
10.565774954285194
11.630303644040954
11.800128984706372
19.67467755787105
11.572259800451883
14.274236002740107
22.691368534444262
15.100696294540526
17.891681797685617
9.037215124275644
25.860430159972676
12.385068460919246
34.148412040563485
27.882606769997828
19.83066987823436
8.93762729124054
17.314275367960356
41.43746905374562
18.280543718129742
20.914529342965974
10.046252324535617
20.957278644694618
55.63541088177201
22.6630485956237
18.01898115562509
20.478665208352894
30.97032588801612
57.327989912462435
29.90341088790729
25.190477629224777
55.777243867697194
25.916187930575
73.37608269252799
42.881416809829396
70.23822158363316
74.83288342398181
74.24942768366269
76.56138758406462
79.91890300830364
82.98648277541594
83.28691339548158
87.97644248833453
85.17694944282441
89.29966303411824
91.69344410581638
89.63217866643771
92.93951704066852
93.69504257637305
97.4703769048513
92.05777356713276
94.8942047041039
96.35287648599389
93.98563565032092
102.69336693531679
102.2138524810628
101.68010005407717
101.92132570784523
103.80072140859217
100.05504594515867
104.36099256609867
100.46833965517304
103.00653134867413
103.56044869643459
108.40602027241599
102.46602839228422
112.12701435342562
103.66754078665089
108.76341414646038
108.65524563274788
113.94947244213782
107.47928912155824
112.22296196553903
108.8691391874819
108.85086509274898
113.47747532219262
106.85918319567887
111.12555237258243
112.58282269199944
114.37441359851583
104.51524280946128
109.31359085562053
103.81180477853006
109.93919405063643
112.44011978283349
111.31752290428625
108.0517186931113
107.7226530862518
102.9157762025391
100.22994956411321
104.97890424241419
107.48894456464528
99.26512488422549
106.16922118019305
97.75718718330836
103.03466570296364
94.65699477981245
100.12585869698007
97.97257270405782
97.1253747987803
96.22518255500054
90.49336060875048
92.1845496263191
93.93423840626335
93.4065360877316
86.05433077040678
88.7440330620203
85.90672809163175
86.847150593034
83.70720384748398
81.84352531497522
82.07433721565698
76.47976201907557
73.82790517181422
74.01978732540681
76.20204317602541
64.47314449703845
26.05010640972356
60.756843768699305
34.11771783135194
36.86846116812071
41.14706719828087
15.049091555119377
16.756324960009884
19.189416739035707
18.759946125557004
54.32145686307248
16.943752675296963
19.125534185482234
52.62683236345623
14.699504559673725
21.180409660704825
10.946616798148822
19.369290729144264
37.43972655613655
39.35115183304255
37.21511275102374
34.78086386661832
18.69416790398677
28.965293121483192
29.644696869254325
30.660848695279082
19.467313662654142
8.278714435754154
8.961324339684223
5.062636071086421
8.745993580092112
24.937282315064703
4.776468833604953
17.492354511701734
18.843604482847915
14.208761856933682
4.3954413987843575
8.954758867694983
8.826544168474665
12.712544322686373
7.697196969404548
4.091636934864805
9.94928998778576
8.164171923611113
10.026243646419497
8.175740417673467
1.838418993785154
6.538636427205455
2.9108919260005424
3.0207355107744656
5.145755512347526
6.184211709508945
6.401131621058125
2.2433918277908846
5.066150318810521
2.400426891935611
4.802957527671153
2.5886272933549606
4.089230312913811
1.3161537219035926
4.996765284553456
4.573968357951018
1.4372469028140198
3.5023708162179377
3.202555850469012
1.9693378177258147
2.8293237963661744
3.5729068553829255
6.0075813844752135
4.780372850376488
5.8917876653625285
8.778856111648627
4.861580564883749
4.160418674964151
5.840439482277913
7.80395360318545
2.8294924347177575
2.558512902005685
4.657721741851438
4.609192653152126
13.166539251840646
15.62803180313767
6.37774013861076
4.46323418496804
15.433287609017833
8.239108536086071
18.421675770456304
18.415569326426585
25.50845002339442
24.004753375077865
13.444472931820833
23.886347612492116
14.805143427958658
19.490102504029963
28.99378059068102
17.62116648977948
36.74543184723162
15.902034215363994
25.067109250122215
32.732184677519996
24.53535615515415
32.734303605033176
29.35007409775588
36.56378666270232
15.875739154076546
39.06496137904162
46.49745684112779
15.301535052873852
38.72908453389451
34.90450454734914
50.3807029416429
56.03391596700273
33.0327612905427
27.515940120320963
30.200091553721467
36.94133713565713
29.033289761860736
30.36285790892644
40.60885820723433
70.74456158264759
71.98996012284442
76.89129034764551
79.1176835294688
79.49310573373609
78.75605117140043
83.96768145807397
86.08587194654895
83.56140347764803
85.26814430505136
85.10773940870585
89.69843719537401
86.62159544513757
94.1719261671013
93.01158805313122
96.08039340099793
95.19709396547789
100.36069901091564
97.35886620742835
96.92322816518008
103.74888724251669
103.86042735239643
103.78610454979872
104.12709817762627
107.75403615233212
108.22466177713542
109.79836531966983
100.67570815392708
108.12748668306513
109.1492283902555
105.83864032424401
108.28686457526057
103.30547254313794
110.04748718117051
104.23110341075157
105.67985420962788
110.28761569597425
106.62271907700998
106.06428152147942
112.91429270855866
114.33469136856401
114.0660113517482
105.92301358935516
113.81708042943205
104.05334114478603
104.81636864889069
113.862297539552
113.0628999522218
104.69800481814735
104.28263915328354
104.21808456601744
110.77401522323999
108.55847230927907
100.26537646483813
101.94146080257134
102.13038357596868
106.34660370072088
107.31222763094459
105.97329308366797
104.43653168225389
96.56016289271714
95.65728160454837
98.5046902980689
95.68979519356687
91.52364368621346
96.37249906972906
95.29487987744399
89.19893670944164
89.86297745405817
85.97875130709866
91.31163792281504
88.86033685759617
82.78939111712465
82.58090683125533
84.5499470936451
82.31333299652944
77.33070124726572
77.39244798152808
78.86830724818068
76.48392252431131
75.0854781464635
23.28863425364012
43.05735874093393
60.241665337898176
39.364898013123614
23.34995594474751
45.77496799954964
56.70051402645298
16.587531533233296
17.467507699461358
55.751731372549564
29.410815423431004
25.891455633461703
15.449894898656455
12.184804598448562
49.49282692651753
42.42493450823685
24.421219657982657
13.493946124261537
26.79257713205861
35.024241224502376
12.04424259454757
24.015669370777147
16.16099006333209
23.524721191497807
16.940248371135922
10.957333833251719
26.61850848392868
15.02409511962927
16.11365892197394
23.889445877229083
22.524219159798477
5.7993031281429435
7.171971162786319
21.590067369239332
12.036771802890874
12.236543789289756
6.326392013706628
8.708134358572364
5.173488706426197
2.893991546727319
11.71273787117185
8.074534466244268
6.363413028211801
4.526999953938784
6.003692720927586
1.960800503724572
2.221028648368359
5.459910707061273
5.758743715104563
6.802322671855913
6.329948117144821
5.667552446692429
6.067440614464292
4.602506425567149
2.263541507836732
4.323864968718735
4.359071033591374
4.272518319827886
3.521451553358564
4.011083485606976
4.543727320631062
3.2022538166692045
5.350240317900764
3.4830681471964975
1.4122922575788521
1.300921581685551
5.3502284918567815
2.204064403245863
1.252044059117148
2.7029807750154657
3.5749942212519557
6.601831469079176
8.28269809985426
3.7205558059636523
6.772681255737933
2.2651352890598893
11.45903664438792
3.5360165054511628
8.011811064576495
3.2141387826532313
3.230334307167745
11.204559740835226
7.227132790421511
12.706952180938679
20.142013079037657
13.45757302880024
20.584641255503556
24.330572469230138
12.049675849379438
27.220689142705528
13.441798066474828
27.80531521326255
17.557678043747316
22.956277350918068
17.031820806828478
34.53945734932313
16.653959233177993
31.427348805912196
38.41931491485741
34.11930409273403
9.726929601824509
39.657748162393545
16.871256938938746
13.324536535378295
36.03540312210322
50.89943868329823
20.55061369682212
32.297593068463804
12.561673927054157
14.431478981755227
12.38840823973937
37.468286775676944
61.067163792133044
15.625538787663649
12.905106491774507
56.41355537777966
49.30733538349457
14.299254545855435
46.72415049535435
75.64738010941419
77.22852083341718
78.44111595726586
78.23719404671407
82.07955353688814
77.22496335707756
82.5931619959977
84.15223842038034
84.73805481938575
91.25491016766581
84.55762016115227
87.63219917843563
87.62410592802347
92.40509948064528
89.02665242702837
90.70318752758503
95.35483239380115
93.08256131621425
97.28386830340209
103.00196587953154
96.76753349930996
104.77333553656635
97.08224590439421
105.97820509051078
98.00917558006559
102.54239609741326
101.70667152657222
106.71930736248623
108.64976437100859
108.1000810378446
105.7974531478996
105.55036436712291
108.41465007894503
110.06618831725498
110.49281514194142
113.78855362798636
108.35267695097818
105.27155298926053
114.30198514677204
111.78416076683746
110.18424992782631
108.95006038441977
112.38610198099731
110.65738438573717
109.22567989824513
111.35519795479736
104.05350581898028
109.74667656529319
108.49752455213662
103.58657197683608
109.88804896002141
102.08093338225743
103.24857212936415
109.75233755818246
107.24359636535074
107.77384641327207
104.37599376053136
101.7112295112942
100.36207910773854
100.88171058556438
101.8102857685235
98.89056857499928
95.45178405648721
99.09945171874624
97.2638170329053
90.04783908198753
94.36641968187132
88.94277731705039
86.39173725633995
87.6508603243754
91.08506062000043
83.39482010742094
81.67923206623746
86.58822087260177
79.56645304090979
80.24529265435983
81.64515361059571
79.46724589274388
76.31332840534316
75.51573323704488
75.0640871961672
41.61806959981651
18.49027265467586
48.673667334819214
20.341631892546697
12.80326905884974
17.138609974160747
47.36720551173219
49.832710538518086
42.559002746651586
56.72660594402538
53.469501563289796
22.27401495570694
28.087157922974377
14.981534575513493
39.87583835754525
41.63731357514043
40.3512702115961
41.85310733718699
41.85339356225578
21.002125402786643
19.212564724487027
9.431748413875784
35.10040052122936
13.090531855324473
21.00236487157227
32.212151772180235
30.898758715288295
11.909888669606087
5.58995411332168
25.2032585745637
9.758275131095898
4.880909310269061
6.172915150732786
18.627463114796225
7.892199961283147
6.7955371934320405
10.805486530665592
12.756216928938063
12.102509530609302
11.146256244157904
4.020686841008144
12.77929980624902
2.502858418095406
6.039342851723313
2.7764092391192623
5.8235077757312546
4.354703768912453
3.452229300367128
3.0250376093372067
7.353149778613249
1.6368834730948618
5.400038739268912
1.6943892737887447
4.702865251851819
1.2121574569963296
3.385158333051059
2.1125194771931635
5.113190360732155
5.007931734649017
2.229588452880935
4.970779212602841
2.587174331078029
3.2305987594778074
4.061917343963067
2.190021337074409
5.3571744615681425
3.387421829058081
6.330112763079578
2.7589335774571655
7.009298713589192
1.980123364990213
5.692569768575783
5.887208499122323
7.8249477985775195
4.70519280807139
4.156993999471912
11.096228720688824
3.1738006739095495
9.03121792865234
11.690812781520375
10.708678909708954
15.83852799016055
18.177789978198234
9.877741968048563
20.696800321852514
4.6189538597265605
4.236355508181402
4.811850593883652
19.81472914812926
19.817120501023304
7.53179066204132
16.076413778310013
7.50277215940678
11.389408374270618
10.558620014632217
11.48901934689016
9.933010662530444
12.32072801651674
8.17834524359163
20.729903761808874
20.690835863590546
32.550954681736656
35.35425271262756
47.098402019491445
45.636415134185896
33.842718361384726
50.43520337109118
14.938051983697097
53.657190960241394
17.269961485043318
20.607357108694817
17.48908182792253
63.67284151363507
55.18565456525325
58.32759804082136
32.903995736265855
63.80066672366455
14.011764869928758
37.86647805222134
72.89501874979776
76.84607559356637
76.04500811107621
81.23164501887891
83.09877540650466
78.09044526149451
83.36385830962344
86.09648794544728
81.49015572297102
83.70774841755669
91.17097707024939
90.49885030888578
90.49177794738307
94.27494136163088
95.9902075077513
94.35445877498121
96.55928615927341
100.21622163518998
99.29004672282413
95.23296951554413
101.15275745918326
101.77045401871055
106.60481808102152
107.15069315878527
106.21995421739543
104.32154783359789
109.61772143135452
109.06111988497149
101.71460850522355
104.27327708319834
108.90285989543229
103.37841731919477
104.59684877288707
106.42438334732131
113.93107369886417
112.11638562350943
110.84698591675942
109.60098782883092
104.18285967019695
112.08490315168817
111.80659704311354
110.5469060107761
111.64461923778163
106.87716694445706
108.69465472991143
105.49821994989793
107.68989535514947
108.69791313184074
112.15027330821528
112.67791360168394
106.51780419760183
107.6147993885532
107.5877565008149
102.39236299784658
102.21670523651368
106.98363684203333
105.19167315043565
106.74399775863164
97.22763972458992
97.18614818331602
98.75139825742924
102.6631742906214
96.91214096407741
93.41874040823949
94.0594234351031
95.71103370252557
93.77441468346203
88.86584815597647
91.30666230292691
86.39992746790789
84.9773498415117
88.23999616108051
83.4213432047271
87.30724755956163
85.8615409196662
83.8660921665265
83.49167513580207
76.3914184539512
79.0959364518015
72.94326600490426
72.13962459563261
71.85175227838323
18.134203075348253
21.381076403392928
54.774601914554665
49.06750398547533
42.49849457488443
51.84876483025234
24.570440768555088
54.62419614293371
59.154995152905855
14.330141511529765
18.310952368749653
20.512121937756138
52.09459649226859
11.138515250195937
45.09870080405953
25.943418128249288
13.701049068352743
37.91808312357615
34.375491163104456
9.472899680546083
37.71782092762485
31.42565254542076
15.233829605015595
21.879213229772667
29.312621254767638
5.839691486851058
23.642974379598567
9.733388420371718
22.087546527494244
12.409660411808487
14.321472326052586
16.205478781187654
17.699573947281944
18.883345702595715
7.371108821453209
15.436867752486032
9.895844451922946
12.86441609438116
13.105869354617056
11.342748335373606
10.695846509652036
7.139964601511698
9.307135933192457
2.7487057911421573
4.0167895405197065
6.336140175235337
7.33683922430521
5.819237721609557
2.095234560138361
2.3920862785971995
6.110762728649059
3.1750732969049267
2.6662680984079805
4.020206446313966
4.5238414927436335
1.220874028870412
4.145217052577152
4.665155058726615
3.628590436961886
3.404846962945661
1.533037630654951
3.975703238146253
2.361354030273979
5.263734733266388
3.2468071706268473
4.531968949378557
5.50620768209709
4.287653911974983
5.543988650364115
6.262874067424086
3.774929709669543
7.646456022067222
8.911882693439356
2.0503315214386792
5.6921933150749595
2.2919718547956474
8.931676074278364
11.171955119921325
6.78517579728084
14.487472488755994
7.2046833329687905
11.761053638510981
8.869248967577915
15.538000245942973
19.343789687601905
9.395277104806498
13.153357094779395
5.299872317797608
27.217837245431188
18.848684894188953
6.184167997005666
15.489451389685575
17.743541162600057
18.746800700398516
34.82691773872472
11.723322891361667
30.975768334576944
13.739457074216094
16.64367582056153
29.82064907009486
11.769005663987084
19.70721848402229
36.60631800296549
21.022308093623174
19.68783387845501
12.735863792602789
16.337009559978153
13.905835660406503
27.15231683072859
33.8455248883703
44.13142892813951
63.12810535825271
27.884055306324253
13.601570998932257
45.92396738236626
20.231442303292212
22.11432685738963
29.306461923084452
76.87002339892197
72.50397677335371
79.21026150111005
79.64402801494936
81.25841030375635
84.27429968235184
85.33806098499868
85.6227690622774
83.91263495508555
87.03842965186463
90.79367767525781
86.18529833809218
90.00457155003505
95.69406400643658
90.85736942989107
93.34492575705069
95.47411603919308
93.66359597220172
93.60812720613878
100.91946047222447
97.72192190897896
97.13883021643503
100.43235608998268
104.12450447913449
102.81261775943874
100.17110459272313
101.79849468429639
106.0553632903954
101.98337443205978
108.23003946421741
105.73704457997542
109.9733054010867
105.64250126183347
105.81888536653649
109.35549502434081
110.94569290061746
110.53267901913355
113.90855530630888
113.4586558624546
112.40205927318411
111.80277771147675
106.25265868615442
105.82576990060174
112.44336986212159
104.55305168843073
110.23051981583379
108.31480375324945
108.6680192342065
107.18870749275898
111.16938959800699
104.81231175881322
106.17239787130094
101.21560279160153
106.59535603700886
103.92513216922012
105.01978183620483
99.23599816577003
102.98315441485245
102.83016915552545
102.6793249112895
101.60080603498932
96.75787570909988
96.52115003287851
92.84496787554119
91.83004000864346
92.64254944400004
96.67213411387338
96.38203893507543
93.47862188413427
88.40919016505335
88.641097491827
88.91180294092942
88.01145422389466
80.51394665444577
82.15220214439822
79.43833868759742
79.12698403163903
75.60065421371911
73.47008572642477
75.20494387648807
75.88424097195718
35.177450236839135
39.920100579810295
29.1055883296055
16.622440523916516
24.181381901902533
31.924631602120417
22.16752826476582
26.73512909899999
59.82483292392452
29.794347085595128
33.297477182924496
22.22902254709139
29.37633811701035
50.00056067116033
17.762815963941083
11.007138821972474
37.82105611065795
27.56615098357892
28.934190328625135
17.614366249780225
21.66948686794455
24.198844323199943
8.497227870638257
29.83112819569916
17.07679473310862
25.06096790369825
16.53183035083555
30.189089013648502
24.02089400657447
22.839468602507345
7.634836618367944
12.270149560018554
20.650628760301764
13.285596112334213
8.858966318510811
18.981006544831537
8.781523866977627
12.195730577592162
10.08745430039671
11.576035571019778
10.21841990111192
4.889106944168853
3.0660336791151277
11.371557668261927
10.919707375878396
3.870673758862336
9.82922982843605
4.537197333918476
7.251875654259062
6.7727332620130465
4.6742679131208265
3.9889397442804424
1.5193049697205703
1.7527570325892674
3.5893653544565507
1.4317881034580577
3.1712692726520677
2.4029504632653795
2.372871638951089
1.374152125726067
5.419884186599102
4.747933452721337
1.9055052321960013
2.8614598906673856
4.5672837375028426
3.0749729582308136
3.1915398542190885
3.1265142418581817
5.032078584630694
1.5205270537564588
3.8622195580617418
7.480884988092143
6.92623313746334
7.490181134038118
9.873811157078592
6.1700781232970865
4.213639535350962
11.592562149416032
9.802435304892981
12.533486112619343
11.397437637090718
9.32175928393421
4.008124870622552
19.33783403950497
10.931769229407504
21.91527912309743
11.399593722071552
15.691896180733291
16.60915466316383
19.463886974341033
7.715402222979685
7.261476291479048
13.27395239808739
8.191539185704743
11.640012890312441
13.000315760286895
38.11088365114702
15.800760734809957
40.299727198553235
25.940637404968054
21.133820154940157
25.08326673130206
21.830016564109634
44.502169181824264
40.12414518282747
43.240001003826364
18.718594908622805
19.581614167548913
37.85037930568907
30.78911967248414
17.521602470055353
47.23147579409273
19.09897879032937
42.66292254700935
62.81386516621638
65.42524262329216
16.396097647477816
21.62998460693628
45.80511033032323
73.68061089090344
77.51475901352269
74.72295884874045
79.20922179243775
81.60231350752672
83.37032786206662
81.03884855686779
86.91680278976585
84.16439645686758
85.68467188202108
86.09755712656828
91.31377148308593
89.52374979771557
95.75045482620773
93.61199536935186
91.92157307094811
96.79892569363876
95.47711653893526
102.2122186961022
100.3388828084381
100.73415005211999
101.52062386237911
102.52350596084574
99.0022411239473
103.7095123684219
101.28989583942736
100.73577697470964
106.07261213748005
103.3198693404672
102.68976310097327
109.92920561461696
103.80911958473479
107.19192191753001
107.57160969788927
107.54170407102268
109.84989300487639
104.7338961192497
107.26949453436453
110.3025300004328
105.2942464710701
113.66995098149354
108.44399659777606
110.029409144971
105.26141385262768
109.64074089759404
110.64003978571124
110.45690236179617
106.23067555117305
104.44349146886435
109.29360901894339
107.10810522310103
107.44323501488081
106.88217264758677
104.06468065934547
108.67526656533646
108.30837523511299
104.62910375259212
101.92380797602658
99.3740808393295
98.19426571159337
99.357595401556
99.3255144861973
94.55408287529583
100.84820752968237
97.30877214729009
91.62116794434884
93.20771576967013
90.84426068032616
86.67733976141228
92.87611458888223
84.5022595378289
88.85771293581566
86.00973885545494
80.75346900692871
79.47192594436201
80.31039056971035
80.7772466747166
77.3684632156152
78.03570051335917
75.71666772003465
70.22963148273607
17.318529145901707
22.288661449383127
40.269811303091366
32.57675238321822
32.6414465358196
57.33545696750976
62.8298957003231
20.741434284683013
47.13360800834699
22.811377363324414
24.794412618512364
26.074419431463635
20.315115226696108
15.969425188610657
19.25178352344579
15.258232625452706
38.582472172439076
17.77241346494346
32.05188131763989
21.296072501780515
27.514188097885125
24.85035719619802
18.753821309734906
28.595643929641952
8.461911399613331
23.461945835762258
18.552093360079525
16.3924877562495
22.559515855928776
20.446349365131876
9.306497394623959
19.63739594855266
15.957182287166571
5.11450532805843
14.52413138818197
14.04380314009226
14.604940679425699
5.982335628535505
8.882963209954314
3.089381672818318
5.635905407869543
13.130248179895215
8.074795542701933
4.011830283014935
4.444876781799929
1.8779180597828617
8.022128008041037
3.0639122581990392
3.674045467642885
5.623505400330452
1.4814381014437767
2.2695351603410874
2.1543987712379113
1.0688268569294475
4.654721624249173
3.4526304193071122
1.1735586845410417
3.7219435445834534
1.2706270380391582
5.278054479538278
1.185358609300221
3.4854275093822884
1.954984738454738
3.59182492182732
1.172570546560431
2.0561591119158966
4.971925193835942
6.2374296289785205
2.185904305218026
2.500121198045462
7.15285690290329
3.573754827111677
9.348525478835828
3.010234387521495
2.6496993717508435
10.689125651701652
9.87366793660889
10.422442447384283
11.50487659640846
15.17016514745061
9.175320301180951
7.162617838022465
14.44010802185713
14.307689205962651
8.375022745548167
17.306669817233228
5.462627084234171
8.614996141144385
17.76048655833352
12.158421506369905
6.005647404401461
22.34665272048906
16.403865417246084
12.39645149686816
27.758637540242717
31.841409894855115
33.52918186690814
19.923221282857853
13.458741953566
14.602625976341864
8.659574453260884
22.514734505875925
43.372715961314775
39.20422431524993
48.94478198316324
35.29299133369564
35.57029499548913
25.074087961224475
56.211356767249306
53.23167886298398
27.102359141531668
32.34937098004704
14.250858151300294
13.279610997523246
43.75864490256296
34.68553289294606
70.2122151611219
43.609317208241215
19.66941038398813
74.16700779608932
71.42325306755404
78.05607889950187
78.35439688712309
79.67609692894648
82.44816398551498
83.35893633516642
86.84008479722954
84.85479998234369
90.13006045541198
87.64196795583327
87.01997210604934
91.17409911335487
95.77050961332905
90.01628053232189
97.37283626498628
95.26245799315076
93.86238112317481
99.72690345464056
101.72495072396785
95.80123021145121
105.2528424350119
97.38473072357989
98.92829381086017
102.47597626902164
107.95459216328017
104.9390708944427
103.43364422394417
103.2421093778181
106.12203677258574
105.45473845612439
106.14140719350712
112.99642056778936
107.5697254920599
114.09699284724113
107.83794503596117
106.3327995227321
110.84643689066988
112.11091421026816
111.1690461150059
111.5299524308781
111.15886369966836
106.80173307787003
113.52744615988603
114.16973495167481
104.9332542997183
108.11851388020752
112.37556528307087
103.90393398901173
111.35111320266208
111.2348129701067
111.45776420980394
107.48766699845883
108.13193470958211
102.90838892954419
106.85032724034689
104.3845169275425
101.3521625345939
97.16504393489738
104.61002281398078
104.18327350310527
102.59161639576523
97.7834334814513
92.86478338955742
93.63011072629675
95.7133055319697
95.42083473371555
95.58158254110812
88.02399893953762
91.02675805591906
87.07240471255459
90.72484838027458
86.6913925613285
86.57409028528447
81.84117856814397
79.7725959057158
81.55884570436638
75.77262369962483
73.64282007169211
74.54534923178998
70.39848853621542
17.618748082253028
52.14110340832971
45.91349865901987
70.11181148687423
51.97477160102912
34.4866185028918
64.66466382822288
58.44073007006004
58.10924070320978
23.801737267336193
57.0969405239103
34.816513556189406
21.214756360110535
50.63700866351698
49.659037748929826
16.890080834065184
41.28101751402022
11.44228680618644
42.4715342115424
40.306033039595526
9.394466040711487
37.98233876101598
21.49389718450536
11.344390725121308
33.10578167062635
11.84987945745195
16.39426925185066
7.22890237348592
26.209787033244865
14.018543911224082
10.386080007794792
24.122286774695183
16.11412499814986
15.250534371218553
10.105942403216059
7.806143670618803
13.304811049197927
4.720463118994448
10.145703280048169
4.170374892049839
9.970997782822106
9.680447667393207
11.430641583679865
3.6656726617911337
10.935213995676449
6.32566049021084
4.0070095600388544
3.2575565279866456
7.183092090962513
3.6188432102594055
4.664322165569731
1.9359334765908374
4.938282671332555
2.6340378598977487
3.070274815326614
1.817238352866755
1.5227305008394203
1.4952782798667452
3.2282563734985406
2.393559550299122
4.37308430752898
1.7583119250388952
3.427207121363769
5.159797841284718
1.7191689010279347
2.607609191640488
3.910464367132569
3.0604378774950445
5.2050171310075015
5.8979787307863365
3.7492608199646895
2.9914854053719333
8.244227517186538
6.696827223425657
5.164547546798488
4.656042819624268
2.78351453562677
3.4461464940014763
7.650570583745115
5.58618046379506
14.824656498991828
14.259622020691793
13.802926933199688
11.255398415319316
9.819738315302327
15.28710945965138
11.070377292379408
23.14935072948302
15.610821242929186
5.130720483352529
5.969909811274027
9.755944679325841
9.289958923607346
32.689045720737255
11.15714808137511
11.59072213431097
30.80279998400848
31.841973345852992
39.07230374691966
39.425766820464574
23.540345790655863
14.932979411679916
19.177266331968816
48.21763688854836
10.135990446040326
35.92834776258506
34.906706513427096
44.15385529096842
19.08035042019652
53.52289938420778
13.861801300305377
25.937909856341257
54.91620905241646
40.68539913232756
37.446589590497815
62.918715558617194
47.42459064396238
71.48679864856797
37.46217917319984
71.28430089833199
73.44281710481987
78.02915641706369
76.81576983662399
78.90791006120847
83.01924186195663
84.66034627473454
86.41611232650524
84.69356307899766
88.51356142820737
85.58245760539482
89.98119902695218
91.845276353804
89.76409671440392
96.06036073130052
95.95101505245802
98.67282263863706
99.24180408756604
94.45072726522886
102.5765079464108
103.69605595141013
97.12565971465062
99.07168644335171
103.96763426505257
99.5166525415521
99.30150904157561
102.68436633961426
107.9087799348697
105.1904300189724
103.17337139116282
105.36072411960501
107.43441272645238
106.8087894058591
103.5501789127553
111.68127088612152
112.82105788194194
105.87498315498009
106.7410195406941
110.07074179947577
108.28431459340143
106.52127623192862
109.11770824755996
109.55299317673914
107.57066723984404
112.0629166593863
109.92011708590135
107.93744363405088
111.21203080351759
103.2551177394922
109.6889808065415
105.1993718215863
107.18073224966736
105.82562941406388
103.61631297632528
108.93495319456423
100.2069682035624
104.13736773862574
104.875274353881
104.74045502838858
104.38125405307728
102.04096804978349
96.67851932603564
101.13707069283335
94.03363291389363
91.90047164486842
97.1248304325121
93.45343806971576
92.49162377867623
88.44030515392967
90.96413918360045
88.96527173390726
90.51326620250103
83.71189698811398
82.4090233520355
79.56770365062394
81.57365434442517
77.30247686054825
81.38652963296396
73.3587422270893
75.88606016245515
73.837274812487
23.604436256793814
34.34228813943123
42.89537818970717
15.703675440426819
24.279517662199616
50.60270253163527
51.7027313430813
37.21566430488389
19.560384595475462
31.11794097551944
57.158143081580064
23.54357331090499
19.765690171335123
17.87845492129562
11.643247733263282
9.024066827441514
22.305541555530493
15.361213171467046
27.1324013486642
10.371673327050514
30.388116096770375
35.377398304184815
19.558289373962147
24.756026637159387
7.343196581832471
28.02127276297041
20.481113230402283
8.261339768466044
20.129970587048
7.253933327389146
6.278415897672398
10.226154729440317
19.492723406843417
13.471506873802381
10.104476603084231
9.78070882542013
13.951203332833265
8.430449414093786
4.3528389088733155
13.339468346850975
10.227587129012377
10.197813963399451
6.913270113265531
11.181290369957921
4.934129128073922
6.960549011518324
4.886905250936768
8.149983864555354
2.820295667633491
5.962131424982119
2.7974301691315
1.270760808173491
2.8948035680141846
1.7654277472732267
2.1695349913951425
4.880967300479767
1.3624028473297707
1.984641592550902
1.5711890002648354
2.033834455650096
1.9236039356810342
5.098511494006002
2.9758916316884103
1.739608715953782
2.9108161463227322
3.3294008619088578
1.35211374169014
1.9767047390833579
3.827782098845803
3.152051308208229
3.40547002626393
2.8923572612911315
7.697191212381545
4.428179431152368
7.972721418282265
2.7991107658254832
2.7827804945459365
12.941617415589997
4.3048077336555455
13.826131874968052
11.137712808122654
13.487390337250734
16.354060605917653
15.217963276321083
19.97048767345988
19.02378069087502
14.17041301012165
23.233767914290766
23.181881528466203
18.175060952080567
26.268369489291757
15.781608104469901
18.719066233721428
11.3555491223346
28.203221857324657
23.504241268192693
29.269042175261603
37.267485811330744
31.279834350535296
35.66101098785786
13.042514593097236
42.67810491016989
20.390435907153766
15.316863084742039
12.956316366952004
42.88397991197566
44.92698753420328
33.28617532286938
19.76453087153342
38.92861503575246
51.86712943402106
42.78522957160914
53.28669325749738
19.07776768785713
61.253689760969856
51.855724503226284
43.64337695210768
62.08944984490667
66.64812393770403
74.33997759231912
74.18842346221528
79.99499498942986
74.48666317258851
76.56700112368293
78.91683031633346
84.07442274398794
83.57396565345788
85.17677309949114
84.9722051307343
91.3327273864084
87.89526331275343
89.35363111773397
91.71072606363246
90.45623829693227
94.60460708863732
95.23980200244907
94.54272509962279
94.95032216525343
103.13335731594624
101.40472643195875
102.0622006094641
106.6377478857783
101.64452396213528
99.93316207828623
100.90119990881946
106.4323916118026
108.39721396981533
102.94431160947357
102.8293642161471
103.08022228261426
106.88464877213137
112.57365738966132
106.90769729045779
114.01746253061445
106.14949630434413
111.25753440983463
109.42599934209362
104.61183556005794
112.671281506058
108.56922062151236
106.24263418226958
110.01450378566018
104.31867879630008
105.83347430257886
104.52179116138727
104.21861064879654
107.58335754623005
107.388371164307
112.29000897660883
109.14963825912574
109.40435774817817
107.41759389763727
101.0113729711702
106.62909425674762
101.27328737738864
100.62999366218335
98.89866164068377
100.70402666235725
97.93491139863796
95.29126380069125
96.94250216585324
94.50845762937763
94.54527895068449
97.61051704921108
90.002037298386
95.96922582022066
96.71570544354618
86.86161755926521
89.4700965644008
84.51530339288057
84.47023235554865
86.40362682656442
84.17758645949735
84.95725474867088
78.63821249198175
79.15892857752243
74.1915072692706
73.68545923329653
72.71366537248363
76.07144246896902
46.73271124210653
40.36628429424408
56.375187734104124
25.91628803767957
63.17683978585213
24.689159888654764
58.16008019754248
27.37987784574763
28.873487706366916
34.99937931418099
43.544941375499384
44.2180839242272
35.477741706367524
15.501477210844346
35.165722166945244
24.70403705522112
35.10242152000288
20.15074778571219
41.76003823923151
31.077214316900406
8.875783651652133
16.527287807057867
21.002352258587223
21.223814194722816
20.072064298415924
21.89389442819121
21.60921657507946
19.364268001955548
6.7832689849148124
21.923180104115797
5.768359043379805
5.18160470096366
8.096742789911902
20.832118919427998
9.412359526108295
13.787810066080992
9.608269204784325
7.754216041627419
6.815935295459287
7.526701426224685
7.492329443471061
12.205776116616622
9.252727856832049
4.735103557308219
2.404811113729402
3.033598018728365
6.071164520634358
7.9677427305864885
4.276311540018655
2.179269418666301
1.7460830372235314
3.2837472813175923
2.346417611565079
2.6962050635895936
3.6129102312752046
3.9104934224277033
3.091242069554061
4.080907452777454
4.720319690507172
1.5251029587489855
1.9061407429889217
5.462334647829633
4.402277167207674
5.256621810475205
1.5663964994783817
4.189965306270071
6.505218073157059
3.134819451733794
3.493237465894179
3.0873908841483644
4.071272274246853
3.623937890760882
6.029465641039732
5.36939679478836
9.728903780770137
7.47129924149906
4.593798705154425
3.0681396502903495
11.90226644985724
9.134413714165563
14.282157611557224
5.388328690712597
11.254807822932642
4.072228930571649
18.623743296092904
17.21841631856237
18.38522250833399
10.679913356835218
6.993174768993191
14.243041014690542
27.16811909034495
29.441729732540104
26.982063941354202
9.868381916067866
25.182158389739072
8.918877360656653
14.504522673100835
12.942935998247203
11.253919812071436
17.069201465743934
20.0216237944402
27.641611896945562
20.6744263928123
17.001564377132574
41.80163972525195
34.297905445566734
31.600035590138653
40.74008659852434
20.39494124277149
25.49921282027019
52.09863796073921
32.03333139312589
13.530138013049445
28.40873744981135
31.446788134795323
58.34740433149021
26.722707722463735
68.36397876110054
71.10054667652078
74.33255038114851
73.47599880207426
76.85236662369849
74.44302698357535
78.24930376241812
84.60216068647837
85.09563010253086
81.58497792195814
88.29785936587294
85.91410670494605
85.81667730609361
86.59365315669311
94.29709420786094
96.45861049850028
96.5043169223137
97.05095274803251
96.7205504542659
92.26055413653849
94.73823069561509
94.4559241230964
101.50211813402295
96.62598346389062
98.00784732332008
102.46656492695101
103.03844255978295
102.77298999092915
102.65448457199314
105.23771302317569
107.71000700292433
105.59846151103136
102.1925681033718
111.9848450021922
112.36848271655101
110.70162191562854
113.26925112530924
106.90025210007695
110.5180070372262
110.20354849371563
104.15695576670889
105.96101990815175
115.23385836259621
106.28913057807083
112.24351448440733
111.64198213933622
109.80955463025433
106.60086138783453
107.82322595734875
113.25527707574697
103.88008951317356
111.79790113186061
108.80614417516932
109.29219988559667
106.30424605427115
106.95328867176592
104.11764456805057
102.36887882792531
101.26988725949363
102.05039582598847
100.41404930575884
98.05690021202267
97.13788787473108
102.49482485350397
97.37380946566944
98.23916376433037
98.32062518344667
91.99082966087688
96.77398850443542
93.7269908022317
90.11637042160835
85.55845168207092
90.71657375978884
89.07530812627806
81.89683088306896
81.74876639332973
82.25205378729198
82.50660285765078
76.77918107646161
80.13356650849404
74.066738398587
72.85422315533793
76.40273945716586
17.149059603106576
14.618783597715307
52.31946591600645
18.779111275628118
25.80504058757829
55.098399957586416
35.718796487900356
41.012469625692745
39.296996095960594
59.87392816704302
19.64970848348568
34.425859400536176
35.954262301135145
23.253688464477374
47.77137647187568
17.173541219424482
23.064426624006092
10.88092961924597
9.108499688324237
35.75966928538663
7.9683178407794895
28.92976996641137
14.035227515277096
22.14936861814831
24.599440847303228
17.760830188418698
15.666748012139477
9.574655913997555
6.360454687672033
25.643652111347098
9.682501034932656
24.085692908266875
12.281667120656888
11.398589426945856
11.223594348066813
16.211917940417806
14.364356352456387
13.68502508530727
15.232146019156268
13.507465040366736
6.586163534886516
7.225563133219503
3.92622296266001
11.595872006984882
9.398387787587673
5.069532297548843
9.450178431526808
7.005035510059848
2.9357194330098486
4.351632303545419
5.629651452406719
4.974362204826853
3.3861871310171203
4.310364427045894
4.074394215485858
3.369363782482861
1.1160342434333739
1.4871222849338217
2.4974455403443843
4.623867768766247
5.338888675752525
1.5382622322042152
1.7061010687215132
1.4667140202590156
4.175401577708161
4.1726829235334115
4.831106429537804
6.211230132067856
5.448542950158872
6.524162961423997
4.219581622621087
4.692161669386923
3.843093528844704
5.651075628471067
10.577010245453373
2.929531929664043
10.26608504153037
11.848716625620359
8.666004866048446
11.51724906863963
3.1505012926927507
5.509479857206449
13.83211955866345
9.32568875129905
16.969057180609294
9.651464001695118
17.869217907748485
21.718545842301577
25.276680645688387
19.393449948784454
10.374488182466779
13.376329788058934
13.467203913456594
8.276555287950146
11.103004099956893
19.429660749424396
25.829855706512646
12.019835867685625
27.724023020230334
26.835659074844063
23.53216230069771
34.00231482147198
35.2267961611836
18.491709209995598
21.74960055389009
49.67007522935798
34.754587090468256
20.98557500952869
14.742580971206054