16.261243377074276
20.46811072000989
11.246763835154566
5.696333174844604
8.335507395755764
22.095865696087902
5.624896802391464
22.655760201909217
19.808148906651553
27.44810138569685
21.553050907950073
29.29445523477439
33.8333118155365
25.72548701885919
19.113799437546824
8.917269521530116
35.34085279703522
37.57364638821516
30.156016979806292
26.933364067527133
38.43647241382914
17.73919812420695
21.395582949084726
33.574588704924864
22.123043623841898
19.296113563470175
10.421785998984046
11.05960762240353
13.716751173461068
33.08868473016528
43.810753444029785
24.94862034941971
13.730251212336082
11.009687332901379
22.693224990346213
44.391536682770166
20.212798283014607
23.617594054794587
16.685771872061917
13.818876994430033
44.11915640448608
38.946691451532985
34.01861986954035
18.845659694431124
24.13196353393714
9.07644046198101
20.387321793811253
29.944630239149674
38.28245287405252
20.230792563194292
44.24675080306451
19.95197977351321
9.050143391378176
29.43132566918353
14.42000032673341
20.337495911959696
47.434663740926254
23.051508091353853
38.91424180970508
9.89304176211171
32.640218222078964
9.32110878063327
31.33642028168527
44.24174416676317
44.73250144694936
42.93134387863337
18.359327296501295
31.399763528198005
20.000328275894695
39.01386040081234
27.59677648971326
34.71436628721116
12.760448094880186
10.134125555177695
39.060310469494276
13.556458449854535
11.960842348942965
9.072628876516752
17.132348039530964
34.657369077981365
37.30486739138224
16.14714549552707
24.262319602802588
32.1522372758365
28.52981044811277
23.786790393603006
18.445396493542127
17.79900176782227
14.767116502977702
23.659162270089315
30.616401279220856
29.70558376725205
18.928562730084824
15.243601220388078
11.22590880875752
27.819895119870843
11.350475306159657
18.7863969686561
15.95098881300039
14.111507198615838
12.850657896007823
5.536342284539652
25.02741943019973
10.574023352495198
17.267460047419167
14.851928647046947
8.893483225572979
17.55329773812537
7.029050447933498
11.496692523000721
9.43664724813217
10.600647230823903
14.8947805826133
17.86706467836815
13.273528287953752
4.451742383811704
13.968701711662304
14.539878632835268
13.392551466728019
6.1949941057789175
3.1627465420803422
6.557899187473087
2.988088723515678
9.994347333662514
5.783293547928803
9.773480135228699
5.0250445330181055
8.107994616757216
7.977645941059207
2.8036830087886644
6.212330544626898
8.578617876974981
8.403424300080363
6.8020021760767575
6.411856295907128
5.926920529104637
4.689370031394581
5.0244671232334674
6.535375578235654
3.040108390928315
2.7214130361986912
1.4919322054719535
3.0395842733953633
4.949834770551632
1.7294551087770127
1.4700830303645884
3.2861562062839242
3.330247916780805
2.7462936080271962
3.7226134007944256
3.2834170248275485
4.283177766225
5.1002597038328465
1.197087316088241
5.36816542986934
2.51023790959769
3.2002158017188376
3.826625325194015
1.8983686007747829
5.313600533540176
2.5732050217815794
3.3786627643685114
4.86685084038446
5.878399882480496
4.004848194710732
6.499144201917325
7.389142894263255
2.655798509967269
4.919600773385133
2.233885499234611
7.035586412975677
6.8044325191293105
3.552071528146584
6.088784402151011
4.6964965885805
2.6687031839341717
11.350977990844603
10.914811660536596
9.341449784399906
3.5111199589841338
10.001010654299254
13.130227480000164
6.500490775850324
14.557932231702267
10.064295918233508
7.413376922941845
4.32386361775022
18.47425438550667
10.555087004374137
5.3261098962460185
6.699813255001357
11.192753745108561
21.29250411808956
7.374222902886473
9.186515125705535
18.583495717145237
18.08429776774117
25.064474426106855
9.424158298193083
13.772462668686053
21.345451637323443
27.258406415524938
12.74829550740678
6.132084737584218
8.680940777072445
27.1922670104239
11.042206877805684
9.952516287834534
5.900354794125549
26.805221800227375
23.821950430859268
6.381865148522823
19.309395228004924
7.067094157561932
21.62989212477282
8.776908456154715
9.149624750938132
14.008294514280502
11.0795564436058
24.707881096893924
36.2583338760112
19.29439728207061
35.18114059306692
26.920614088107225
34.763617405371264
18.177353629163548
23.35101031311827
41.62439066924625
23.46438683975063
25.455984745161473
12.04676913080603
41.89635216348487
15.86718180402984
41.19676618383087
16.356681825151608
31.21259600221487
24.268088355691454
20.607119311344306
15.632777751075103
18.916815452094994
32.63862070087038
37.5054288686997
42.54035630956025
18.686881442817445
29.92744467969519
30.790150166082533
13.692726567921728
33.520230341235425
31.97612645048368
30.82162566256857
9.148976440442853
18.778346455590228
37.31581667187879
35.409024967077976
39.683129211101544
20.416817357856115
12.645229822449181
15.395143858390922
41.906842480496024
30.78862443491616
27.971670441734865
13.631860825863829
14.562170027880507
22.223479875688906
10.540609675765117
43.3761065888498
9.326655611726608
32.16653884618758
32.182372462697785
20.704087797716767
33.192490344279946
23.308318254660946
22.64874238086773
10.405832321407768
21.12466495471955
15.582752312855327
26.625080586463426
32.59853016176964
31.087668082821363
14.64460485357125
32.94756564823188
34.58797968836721
36.07466937429196
24.76025896196851
25.596245444255985
15.218134909075589
13.491014962622431
33.123270562545336
13.58831138007127
8.38130508167112
17.036906036587414
6.356074032844468
6.514848252456767
27.346691439970648
8.41742497015421
23.87199071192626
20.647780524352775
22.858899718035552
25.997072773643673
6.938953188120303
15.007229489406281
7.712110941863843
13.517935740544944
16.686142234959405
7.928469985881657
21.182310889403286
14.045429411463829
10.074619939816587
11.38488617555055
8.03581814387191
5.636435361878558
16.840982620614803
7.6534865352517425
5.226744787039241
13.012245841559295
13.938660806346961
11.61142012785843
11.917235888783578
11.320197429529859
12.01074238959747
3.4178194776889965
7.261497793841586
13.058645110662347
8.402790965570444
10.510778798097107
3.458376180753955
9.219181909284291
5.092964148800311
4.31224277680405
9.389509991032963
7.172790328130718
5.630064508714218
1.6916918252935846
3.168766637222344
5.520666554916255
3.35718778560027
6.175612142752208
2.6899102282034155
1.6978992445493528
4.685061141559937
4.553504742191184
5.433744552956946
3.0488632449933846
2.575223271700148
5.353467454256833
2.563992938667817
1.4427712539903061
2.371177807490386
4.384477115969505
5.112544538157268
3.675706688826146
2.7426471406673554
4.81071979339272
3.530671146485899
1.94107228396251
3.2727206567382696
1.478566549506441
4.715062792412031
1.5186877039269528
4.478545972219776
3.868164627770816
5.650239290919896
6.2734414170772705
3.11182375362986
4.911748929376428
6.483312893170168
7.121064972977162
6.043387165696642
6.9924355310925375
3.2801915143079485
4.062951278328244
3.3526510219248054
6.324266071760139
1.8033349658018312
5.577085314954614
3.00203701356018
9.02348083536768
9.289617922168599
6.669834372074757
3.324000847012396
12.823957447765235
12.22002973001686
7.979425173189696
8.423958507329322
14.259170272381855
12.496810641748814
10.911351915323241
3.9791094964327214
3.946353153682701
4.82578559023902
11.827361380531851
9.9740016602087
6.46332925555317
15.170930627410275
18.034894516280684
19.389652826096825
14.100730697959674
14.572453800041801
7.260521164670668
18.117835405597972
17.256134592554005
19.609493394201884
26.36648063738091
7.526719068739899
6.526793375432901
26.936392553719017
13.54455901631835
14.994198369091649
20.440927735876134
17.456431702536335
14.258723498023787
9.334082115067622
22.001198090006156
18.308993915285534
14.825345185902412
14.95316963883776
24.146760562951133
37.73960175826275
28.02273531265039
38.593092460380056
33.33400345173594
31.30598487881204
34.58162980428745
20.417694689170865
38.58040285085057
23.79381040669483
11.551475214062823
27.11416494626007
9.481281461070306
34.56072851816287
17.405961881514845
42.95055988156018
13.860990177516303
28.365591763228636
38.79281057754274
28.788149824733832
26.155907369108856
46.318610035347184
15.452686689443174
13.007598694826855
26.976661555361186
32.8968852650787
29.350231053375914
46.829038149333826
11.052090843088465
31.131920254700283
44.503806799065536
23.919692923474607
48.36298692170365
43.26259362572213
15.960798672592624
37.92950973438815
18.491955733657278
15.275225923754824
9.438233855579028
40.87780299264931
28.666107426383427
8.91365614358988
12.253136713776753
42.39463081227051
38.84139539140842
33.683511619233784
42.75465860667525
11.386340461215967
43.908081689025536
36.76613309229494
28.4225149175488
16.29346096809009
19.22649921091628
36.694203313413986
14.925541336617114
23.47449505723673
23.060506843478876
12.474383691948747
11.425103070191753
35.32492750904784
37.61802275188283
37.79523324751484
33.34250948404742
26.986406432290682
20.007376125347804
16.354893820761284
17.839635743533986
20.42890013967247
17.399885426626316
21.103451597813798
34.93194491046767
33.96515028115785
23.46409282851139
7.557451912397258
25.401938018470627
26.575909104838107
22.28548467089184
9.292709272463181
11.271544326612906
28.014963580731575
6.782910333165897
28.453853391897226
9.821039476182753
23.344339858918044
14.575168981697095
19.374916874558213
11.9668395250864
14.83089112087319
16.22898239400405
22.328886781499936
7.952472584626462
7.390516731771546
20.265115293866117
12.773887449385622
10.932178902393083
6.57665746504979
15.633836320978428
8.95928593668226
6.618235789324835
12.53967379847034
8.841351553419601
6.300387541302614
6.339263932995289
5.943618588881882
3.3560289391118645
7.914406176537412
8.928670592868524
5.085806782895259
3.4094548142815313
4.929161656172927
8.330526511652527
5.715469917932936
7.131079087820894
3.5809541840989865
4.386134996542653
6.777695266437606
8.744823256416412
5.400765651801313
7.089437890189965
3.623687770461283
5.722723054575464
3.677633264204661
4.664821323152699
3.366171243000394
4.0363056239805335
4.573688464252909
1.855598910533134
4.972308716783786
1.0009881130654654
1.1156189658672682
1.6703082152923974
4.866411718434862
2.324064628486318
3.2621743088798896
46
44
42
50
45
47
48
44
44
50
61
70
66
66
69
63
66
68
67
62
87
88
80
83
87
84
86
86
89
84
97
93
91
99
100
92
91
95
90
91
114
101
106
116
115
117
116
116
100
117
6.249410330822326
12.370769314264775
20.27685061685998
11.622278300670507
9.486099502539652
16.203737278853474
20.04950789021707
6.93147251498154
27.095280219050213
32.58098902820758
30.87890853893075
33.70189620780517
28.174096372848105
8.30737012850875
17.177221926733637
37.308043605079206
31.524265729163194
13.892902184416307
32.09020175058052
25.879281359651834
39.10850238401731
22.2361630329637
16.699145829413244
21.44673248151629
18.923163188487923
39.032446871139065
26.927396783614054
10.478745727824732
35.215393710418425
8.684688398748722
35.21080050413348
38.385940879295504
34.541696108370914
37.71163636564136
13.388053934640187
43.92919001995385
21.982527005428743
24.710084297233724
9.285126646102162
33.020001003265115
37.83837889006924
25.433464709559278
16.43117890581138
43.6129531209562
26.582583288929964
21.67549873479105
9.739459268817066
28.612892431081228
36.46402676877257
23.59816142115475
44.509719393196505
15.560129370326539
29.482247036447582
46.3993266925506
39.67237279527508
13.59505647497591
32.76745753691935
17.422435992797624
30.269644503734412
21.71154031728824
20.917828113848003
28.79461997001103
29.035431323867424
21.727495354679437
27.727675433375843
17.004957500958582
27.923377042208404
10.476501638592636
35.56977929672087
12.064270882115105
30.556993281531135
40.74085819508304
25.660841107435854
40.943194394418505
31.9017472166635
32.73496169384712
11.396288757465902
26.12413121510124
12.553308034373753
35.39624090201332
9.409562859295985
34.0738261388977
23.01059256083598
26.61854346736875
22.14085407988993
8.44169726790699
16.587638938187812
31.114016285235472
9.538471390546915
33.76017827807235
8.51168349250804
31.242469232813548
14.190946715376572
29.70223208061793
5.883153575767807
17.93699443871282
23.436977273559965
10.187781355683848
24.69512822476537
14.249211113607608
11.508895728901347
23.71558405746645
10.437121486126765
17.750285026249003
17.186677903489652
6.827211765435679
11.399120595010519
19.524137171335806
4.663667328548644
9.245899945859765
6.694334985216475
7.741356572170547
18.30907840550757
9.563378089397165
4.973562308280141
13.935571136012218
16.44615937471503
11.486784275521844
3.050821124366969
12.72832944791416
10.557432049023108
4.504096452726458
11.281996743376954
2.890526239439443
8.058136825307603
4.827321554168191
7.091568804388125
3.709866175493226
3.8662028772207364
8.8500477581003
5.170949564193252
6.028206921277592
7.039658709122394
7.3270603925126085
2.433169219939051
7.2868730025434445
4.286605548830563
4.057069917840779
5.343779565372879
3.2827831889590375
3.5429279047960405
3.7364743037869874
5.0516265734575185
3.795707859396258
5.1879924910809105
4.566569563412838
2.603732079986498
1.3307536498038064
1.048715709472202
5.145811989080615
2.268886438148722
5.30690176208064
2.082166806274964
4.290104321178669
3.1576658230329864
1.7889719823966268
1.9347166088112113
2.0975390159253005
2.7920324775943435
4.105516109467173
4.3311244416031744
4.568189805779188
2.5906564704128936
4.095585680020241
2.2962314589818558
3.8095622118044576
3.472446874470913
4.147688805821781
2.0661077456214985
6.140921592031656
6.65485073523436
8.948311334644185
7.699771151808635
2.096167708692831
9.410033336557625
4.7566770062922465
5.700373905681257
6.246767224482632
2.9478905968470754
12.451277530961434
2.7934769886533086
7.626311444278366
8.26389778505046
4.16057475447024
7.958726677206954
15.982290416139724
10.930752870319708
16.92598804194566
13.242847599909357
4.215966001608307
18.841558594642787
9.683419378259991
7.327684366403961
8.588411531592891
20.161845270812115
21.62753082987866
17.623569557757676
19.4554984043619
23.710423606632943
8.522157652651762
14.160828306253649
18.778712477823134
14.248948509382581
15.820920308572529
10.786108060168297
23.363766527292725
23.859746858884396
25.709895467545312
23.784951608607646
28.56225767474222
23.201319309897
9.605876948300137
19.9412858815167
14.04146608533002
11.360421906697459
23.80361028728273
14.047851527977043
16.958790678886196
32.65191381932523
15.075235701057252
9.788381211768115
22.747789789864328
39.963239049475376
38.814950221800544
15.260907055811634
8.963322375301518
41.9030436019625
42.95280212098693
8.967994927836514
19.082677198433352
42.70102326226062
8.531453010346267
40.06032831109615
39.254515210836864
29.625993174192935
14.457934146536646
12.005684591102233
46.37440731988382
23.740898653393735
22.779082417656277
12.747085063249639
10.809973646790867
33.87701705154497
27.137089044446725
27.10335266591797
46.6998382259879
12.841845641117224
15.03124888605764
31.464560284286154
36.518301796290054
9.021042202675478
18.019315279784706
9.532074275999607
47.56407944496268
27.569548260296063
31.939908150014205
42.209024868743704
21.118566205939235
20.458922278792546
41.60566886660951
34.49949523530494
47.24441673752359
39.66442504082816
17.608012313515758
38.10782220779963
35.48011651166608
43.05086847023994
44.55679183733184
29.380804892550383
38.85194913864164
29.197092098688227
31.781283232835776
15.204448430173688
10.19529347544256
18.717364558023906
11.317462875109358
22.76713863813683
30.8966717115618
33.03827854414882
26.553821456886052
9.298510585464275
28.3607417340487
36.43669196768666
21.598416339101426
27.939632836163003
28.180179391089307
27.229553005874653
13.974471276370474
14.666604200735593
33.05455747542669
30.906649670738854
13.547915833046149
10.424049021229678
12.362533111764694
26.631444994956524
8.291939975334367
19.60443852189877
17.26430398075686
19.852803486069618
14.112491655516171
8.342388490613024
11.63417786955474
5.906251264012902
10.760790713082043
10.596369224096577
5.306572609656956
4.7554120795028
5.800674765377824
16.18589401208112
13.695092528631065
10.556396820788358
6.147246218208262
18.448061026938316
10.706171384159404
8.373598127388291
9.068948199391594
14.331199391686075
12.28886544352921
3.071016919139861
7.8920857568392755
14.241377796164537
9.672176179026572
4.163513937425494
9.381555841934086
5.861177555366435
10.92160311127831
9.694269967358727
7.682204201741523
3.9688724681846304
6.240186306806284
8.709152095670271
7.018721553965836
7.8939012198114415
2.142612263339062
5.7582947861639
3.730013139255888
4.020807691841604
2.2306590462140106
4.116895586086699
5.619072880225434
3.084415346024922
1.5928657819651584
2.3728992802232574
3.3157346235182237
2.0828095779432947
3.807911826145347
3.261687138616364
1.1836046773855897
4.8829569996376385
4.528817410518402
1.140542634234584
4.446080082535574
1.1292203190725167
3.500375057242299
4.103609558499998
5.2811507352517815
4.119651054426817
4.156573120756722
5.26221894135266
1.274289497715331
2.117575998151934
1.3111796238070863
5.572566216920457
5.939583023007913
2.8317483654438975
4.018108477564611
3.5648249962416823
7.310475924732417
6.320549345118572
6.8512301363076915
8.797754386000213
2.5747648668763823
7.929816703666269
8.337011817175291
5.2764816869321995
8.33329834581418
8.341396205833952
11.814413222513952
5.312798829754891
3.3535236275588804
5.077013836112609
8.027786494677878
6.889369451468483
6.154300328855854
8.88134623367793
15.320638602425309
5.838894562031834
6.105862125387243
4.721043586573425
12.666525972884486
18.16687227363081
16.691065898766748
17.11247473198126
17.58514279925941
17.644843537651028
12.23396675065814
17.316160527922076
10.804549504119544
24.280443861965267
8.38929891802249
10.793853328278663
10.453334038940167
8.94499495026979
23.02649566527906
17.417543079342902
19.988354629951036
24.798559511977672
10.339183266049687
31.232776077435844
16.01604384868458
18.16160683010706
7.47500525370588
33.317466869523514
35.026923155990914
11.679717523060505
8.49383440001462
18.38686382189583
8.93100770661382
20.3855198005302
29.955120285764995
25.37858152554992
12.507233605935483
11.607961614971606
38.936293532983264
9.475044007508542
28.2314082850457
36.45828344239578
41.853250388717306
35.27904677134945
39.10460361583199
21.84582439914917
11.985535846145106
25.41468696316226
28.311960455961717
35.692109600087875
41.43550256431995
27.8380208169941
28.325028215006217
31.00512635080677
31.46645421848188
37.87951331985171
33.892677709839845
47.455302740408776
47.137873489884775
11.422559961481888
46.75563961993748
33.15452429279513
32.3952449212075
28.09623620093062
42.51252628445805
15.905723943053925
37.14696722163147
38.826669480034866
36.40304934662041
28.358318172710252
19.808648781642145
33.20187521072205
22.528373825541635
29.985399279293446
14.620503338220647
47.315051686729255
38.73249878725139
15.313556867060445
14.850988027644735
39.53210393761422
10.617369181335441
28.516262776766933
12.65806213606814
9.491157986410824
25.661960829155593
27.851446569137668
31.12103269731285
25.321989786209507
19.343482617164792
12.290225701644255
29.208873531364258
23.394338070396284
41.71004047837542
31.548874750019497
27.277050241672057
38.96398617347381
22.695182029377722
7.206206004996709
32.613153022766674
26.901564104045153
25.12376645989671
15.50382646404449
7.61522482392857
11.388420408078677
31.795656804522924
10.72272095338528
27.20096649638239
21.613209874159494
20.154492849242487
26.611160615589153
30.30789734246894
14.780146761077063
12.829025396459073
15.363672903785902
13.026232722135294
13.904022965040081
19.356887114626275
22.7867830221306
7.952359055920849
14.135714335910272
9.649830599087426
4.5445128819995375
10.964723590404517
8.432578246816252
17.524272473170967
4.443617480769997
16.64093947179639
6.426145639285167
5.058921920246418
3.910929228305493
14.944235738366494
13.429179393329289
14.397854961860759
9.669234818582172
8.900248679589144
6.202915306092393
12.090534356494597
8.287778323955841
7.57915393725285
2.971027759040641
6.307192513172881
4.665948437776135
2.1960939656418863
6.811023144377542
4.848954343217726
7.77736173329172
6.5049576627747125
8.589372886213727
2.6210936517353516
3.8095532111319006
6.319136149771718
2.9209703239295743
1.5890577696468478
5.250802253073784
5.365718294479082
5.0314190351777475
1.957829378340103
1.8388118922447196
2.0807434546929544
3.309694559164078
1.3419193287029296
2.368970464891395
1.3824273867338444
4.761479032140521
1.3019975471379672
4.121909143146569
1.0816569654068493
1.7627834905763922
1.2193752533672817
2.6936337783005326
2.2469105619776393
4.679130086731169
1.9751268216328146
3.940026715985916
2.6665593987263825
3.424497871735567
5.305393608878627
2.427549932617662
2.9061088786659157
3.1799858539699786
6.692055615043313
6.574870333723175
5.668758661256101
3.8511698592926438
5.879376440123439
7.522440826131405
2.513275277087347
6.367049592177343
1.9772371789181347
2.143149516288073
2.831474755668097
11.409044103002932
2.5476655082028348
4.284172881125425
6.262380592856813
11.052709453600585
9.939245128246085
5.957213392790871
14.465253070027126
10.618157844390648
16.347499145994128
12.951187129044808
13.718293309022355
15.925818027464459
16.416538328399398
14.586306772484
11.22140018524041
10.981994624248932
17.835083814837045
8.866736734683997
18.827657042080006
23.671507087454106
15.455601138467634
5.524062105637592
16.473571007222922
5.015759755404331
13.231057061285414
27.858262005864177
12.339066216898184
19.536467376910288
26.215722411760368
27.203865149016693
25.87949060058266
8.052964478683219
9.528485879925066
17.370036408872714
33.414647930293214
24.45096135207792
11.63792732454397
13.659361639120528
23.26971204442032
35.69675898018294
32.24740727522548
34.140536462975426
37.56228611537833
23.54073339416767
8.876995352982819
39.38759872169808
34.49305996351913
15.34543457111591
23.62795509910185
14.547709014663326
27.322006918718053
15.383327726437734
34.55718147463389
41.97800910045166
42.51856828715544
42.89492955748165
39.67674660909132
10.823798816680632
12.009660587030936
14.466360750606988
39.34684963806997
26.969564236685606
29.921323081368826
27.338875415136105
24.050296398234817
29.115696314350927
34.89099596617962
24.512698660699442
20.503043126929008
28.902127761990126
41.58622883109189
43.808188953996314
26.77803372512428
36.009294637289806
14.345362650071568
17.632478228976534
19.507846720755015
19.736270645498962
43.53192509079065
22.94793710482071
11.000277392334539
17.57784552208842
40.81366393849412
14.280567704350178
22.483658914503177
20.78695150106915
38.2136713514321
14.17594383803995
42.60230406270669
14.17225146657547
36.345925228710364
19.533699106449493
11.34820093073607
20.34372657154744
19.416093570225275
18.713509227537873
14.470033887584641
16.158266065232876
27.318924037320997
30.195346060732135
30.66703366547915
15.541593087329565
25.356322503552764
19.25223393587439
27.798865604442398
22.2057277735429
20.74829723883857
23.7998023894889
16.6064424110159
16.76973178968019
21.118749181060476
18.814107327434133
23.204110040034593
8.42593143490084
26.288088749755527
27.053062714600856
8.905655895593288
22.855688221123437
22.22745396553885
19.322492706687115
24.57506407253778
25.79530782655675
5.21715279225373
11.614406523406434
21.318654166795753
17.31003552110526
23.768069690212222
12.096607401683508
4.866911554010938
9.889275748432242
6.6204417575832135
11.276113670768979
14.31170492283587
15.282315370025586
8.30204841734238
15.250598796944097
16.58322735338605
5.18321394835521
16.36143238442136
4.517048221481625
12.868896133205494
12.301310430170997
12.424276965558047
7.268939094617257
6.793652513919155
5.132227354323717
10.354334022858085
3.9879536288492625
8.38996489157867
8.261314746437227
3.27618957264859
9.576065160160944
4.293595120251837
7.605953886760265
4.086194221403879
3.8785750087324096
3.651899817568589
2.702052520925239
5.8885943945192745
5.375567007599427
4.277611491511198
4.9822947986554125
4.347064111472569
3.657179820363284
2.7290404280957645
3.9170476106973275
4.353395417335943
1.7243676143920161
1.1035345811707546
4.94446058755747
4.9106032929385846
4.999002974980984
1.0919890747236476
3.1895149064972514
1.1434785040262454
3.9642866216773607
2.685964930280846
1.0013259794453566
5.4382705557771835
3.597700897601036
2.411136535700384
4.733156145616913
5.345144035372446
4.712682940093767
2.6776095509165687
2.464182945574926
4.606621321564976
3.923482324704503
2.8060374628819345
1.4201924679074447
5.564618204839702
2.2031785492500626
8.047950384892097
2.7311805902906237
5.746358444698895
8.042326655639359
9.655609463545453
5.895468678738109
9.605297752042985
8.425680058133064
3.631341927196984
8.266412090316607
10.177304595402612
11.886052777332779
2.7095936834660295
5.389588943180513
4.601396203525736
8.736048444467901
3.0858704929265146
12.58349049760373
18.623665311037037
13.186537421853316
12.715699660825617
5.1608827488578335
10.47460127426078
7.238680671874123
18.061295619486522
7.156516082605019
22.090204757916137
11.283649202105043
6.673882052285407
24.952183255319383
21.511771617888186
18.458627539392626
22.41081886124567
10.190265104659844
9.8014949278667
8.300634816889637
12.52913111284617
5.719532635890868
25.59301468990486
25.669208205872106
29.23691788053231
27.553995675108773
9.096126428945729
8.993953399347246
21.91182167094845
33.409052617710316
8.604698485291102
15.040530263030076
14.852539040396461
31.374042073377314
16.83632778646153
18.30349756062831
27.05227108537131
22.647676419734076
20.481541794012298
11.205648708765017
25.49320518135584
12.472137733297307
36.79989029403541
41.88101230807773
9.250038961175102
13.21306000001847
9.221538953141277
41.15621374459149
38.148622344154454
22.190078222996384
45.41923610647389
33.119377968877664
15.304206888798321
14.828583934619285
37.01964130164712
18.90979759165694
45.70478515443784
37.83299681786037
20.43095427156313
43.21281416490564
30.07738934689857
35.345000603338086
30.511827115271718
46.16587641455995
37.404716755283324
42.99961247214674
38.165433030685875
13.231095825967799
14.06231648441403
11.44492172459878
12.754765373640831
45.4325499262967
40.315060608104766
37.082219404086885
23.577657687608323
41.00065646227138
45.23304553349509
10.371111834144912
29.378865896534993
37.719245945141154
32.068724960745634
32.64008277589371
36.65315927996451
27.428464391820626
12.043517752985462
12.411412972345918
42.50268563735293
41.53028393289467
18.86336986855087
41.17456341912132
28.62047840386072
27.98346027824727
34.388593353208655
10.031572568801527
18.784275022728906
36.36609352225835
30.46968895503476
37.09084388520662
31.75232398458377
27.850844152874902
36.135079244257675
9.444242386616
17.399794421912123
29.922132963912347
24.96850481613543
11.837602411233489
22.660541277782563
15.64148265736598
6.862785225306319
26.11493836455336
28.582569998306464
25.049542799285845
5.508321189383469
11.501291372303152
16.58496991136188
9.949889948255192
13.854955502859507
10.913551217320881
10.39041827445015
11.686241413408787
15.180033917306629
21.697248883268887
16.696181640832663
10.682090101413902
16.03964434915384
9.10804023356234
4.6525510591098875
18.284399856297338
5.3264943431126985
9.56247989172472
14.628586200762886
11.267533576103512
7.533252720686496
4.217914767618277
4.140484546949747
9.85965903832271
7.975444791419166
6.709397347334477
5.5783109210206465
4.243012088447117
5.7278976808791775
5.994605525359836
8.317451773860247
7.627882896084286
1.8586799456130194
4.7231398318423095
5.524923875735277
7.202199309809444
3.3119142978540466
7.147703178079993
6.184851322803287
6.478946581952267
4.696651218585166
4.776997964122126
5.244062455113701
3.5198760997647915
2.8676715458239377
4.133072011762319
1.2567980697330938
5.2130080953472415
2.974659578319929
4.884300781400434
2.451156478974375
4.317351928408807
2.7407584726084733
2.0162865932392786
2.9891758931100663
2.5968517608837343
1.9188287122738736
5.222958717280588
1.8511808942496333
2.465155238440839
2.238821877963428
4.9186581886149705
1.7995156748722632
1.8931510513387768
5.3950891317256175
2.914726004794987
1.5534296093415607
4.077469935359417
7.613653000097311
4.89791196004212
6.992202196273192
4.739971939272248
6.7757779788925525
7.228786501934522
5.360649254047328
5.77853235144432
9.713177553202733
2.860496063232495
10.947576253126956
10.680446378967693
12.030891627331032
12.498322873012674
8.655338088683742
9.872047519125958
2.6928811558635624
11.666224073129435
11.071516737358285
7.923173662075693
9.92838367523514
11.357252158748445
9.012873465275124
15.986322108739651
9.613394172128391
6.533766229616061
14.757023766258628
9.167664352936754
5.845287729745666
17.251544431393345
20.880936867080624
13.249540603463366
15.764079195784273
11.27865554703122
12.68382372382818
16.033544355772587
19.442823095893342
22.496529875707882
19.13734281434352
15.89142857889164
8.419504859600023
8.513179708358182
13.48090713906626
26.412203602449296
16.222650792884615
13.4774858823485
9.981756934511639
8.753827765009484
8.455613113697625
18.17456845988259
19.628761378196796
30.33412010975946
17.38552929064253
13.422783551805558
7.549502963441481
16.917665708215104
33.76965248110713
14.445019585302791
24.186923067647783
10.073973789951857
17.510271567819952
7.930232367402335
10.07944061802891
29.606437726656836
33.131139221688485
21.310581503354566
15.463241622384604
33.062941798242015
14.79759185681485
34.049564609078466
40.81930532541666
32.77383818530368
37.920891805936236
37.70214627039922
17.696316491391475
24.34609331586812
23.669645237888584
16.29495552550185
46.2703387874447
47.712057358798944
19.53801112562892
13.987168224564869
12.610668107686381
37.96096934470655
18.184324009903627
24.954197705546722
35.208535934290175
24.079349168638757
28.962799792303546
23.288495628027977
39.284809639648316
35.13601134289283
22.60741558930763
12.843474831458337
9.297509480421803
41.152558928414216
13.85279758089104
45.436155693293145
28.66955218419583
32.66326400273759
9.839792911874852
15.05129574649961
22.72029348141747
34.36024813952227
32.99011734360868
20.290699814147395
25.722473339319958
8.5772225614404
28.219833853708067
31.54284112896824
40.08071811198807
10.228870452628707
35.14379152838553
16.606618786779674
35.81024902918629
17.51903256927707
23.77350034907044
35.4481865491732
30.364172770645443
22.226095179968695
32.03921022003559
7.229347196602623
10.002851517678632
14.114409004873712
16.759639069464384
9.31766963049101
22.028294604224214
23.907169208869345
28.024435490523096
15.585571064290951
5.842255533854807
11.604147406402946
25.483588947549098
8.418812199181241
15.10258603829707
10.155600839267692
5.389737619036703
19.030816576348975
14.567404500968516
19.93629602730181
12.494153724207841
16.171387570165194
19.779614570805663
9.336812668307775
9.040703673687231
17.269963136367643
3.7771595449545923
14.449571581015881
10.6812351819318
9.063880033726255
7.964812292447974
6.348412527872343
10.449748210154358
11.403791742135832
13.205630789973299
3.5824422653555574
9.536086164987774
7.204536463970081
7.661890033312753
9.497364647756195
5.6157663597832475
5.161444851008486
3.8871203423069276
8.806430716054722
4.6900843895275495
1.8906245313670391
4.5128881126406
3.4098966323258306
3.1021745758478865
2.2725816618802446
4.813952680081218
5.86762394576847
6.342044923342384
1.5479222257471488
2.3819106327439306
1.544292356095581
2.061308583361531
4.361881228395109
4.353883472948605
4.947501989018232
2.8102272736637657
4.8330986913269625
1.7797341931098132
5.203616239148481
4.534662725329043
2.6940657488349062
3.09586493098959
3.7374601666450746
4.759335767886327
1.9374885234771813
3.6541708593677527
2.1828352799024797
3.2769626420256337
4.647624212023459
3.0230657711200233
5.408968637540886
1.9951271016963659
5.524061363857613
2.9931189532392537
5.639264847774435
7.105852531157879
4.760618340966271
4.554185083138846
2.4468001976916147
4.7470375696430684
6.259272333001455
7.844637770311014
9.208471933277036
8.444189045442936
2.997003944117482
8.397554782155543
2.8127597073890485
4.232936353783188
2.72834597935461
6.9663585636755885
12.195208484394795
3.208808738240755
6.202285338282365
14.205001565695557
3.95960848055225
9.339201272145672
12.73206980742889
16.358971488991347
5.784869119909461
5.996861766151138
8.756350405413302
4.747113698327956
19.144843809301534
11.859721918614278
20.6310992715041
5.172718051526431
19.67290553440802
15.354043136224785
6.8798625745966895
25.67174689756426
12.737882905274603
21.809349973411933
23.237844470430595
7.124738131856107
15.03197613523462
25.116451115298986
19.806243200174283
12.799735717621534
23.466006714224804
31.45655894429259
11.804928391637542
10.569754840571152
19.667469733653633
24.22389609511255
30.89107772493974
19.422879076593652
35.344692159507
34.10506241895549
34.26810115058126
27.421913172390035
26.895907465279425
39.901429090777874
27.16666729186816
29.86764287750941
11.319500459631346
29.10007648881881
19.352026331709062
33.49137775813144
23.941168045762392
35.45959403047276
13.342815453769683
26.489381618965762
18.3148778585613
17.615639930711655
44.587627979584774
11.341609784220452
18.387400644077015
44.83291118047747
13.308290422006682
14.110569197690303
11.119688515413333
12.106856077041545
32.977006897344225
20.5523791620048
37.60205028786293
33.038827026099426
19.358907575054033
40.097152976639876
35.3384815972106
43.2591550382447
25.034984719053114
30.382446906144775
40.08283218858399
35.090989198210245
30.141085527927466
46.41047636317723
40.15131903024024
43.45695951737485
37.510808938337384
11.539695393758702
36.16479437678237
30.47692737906167
25.71299032360018
18.23131405884397
23.442583816230425
28.096640775512952
45.604024872820155
27.071061017734742
39.44000051180036
30.07103343562153
39.44621123329492
16.628492122086836
13.748806654941772
9.268744647078545
34.779224035449346
13.625170462642185
21.830984462929926
9.303468233212532
33.0832774915632
24.459013165690333
20.80639432523343
29.561951238992823
8.358975758088338
31.489982981564683
27.811806923619987
26.026542572482093
9.839461767578266
31.73753003910712
31.59655592497377
21.160033151059583
30.001633167815072
32.907725104123195
14.615204716771721
13.322433350510074
27.748072328589096
20.576211118564654
13.806136847765831
11.266967046571686
23.35233629439307
7.676070673016859
23.28289117566645
25.47402602662057
19.006599605442055
13.299757876156095
9.746521727134118
4.467471059019353
23.040283719195696
6.410508468820721
8.716318610799092
6.85972157373418
11.887627834056076
12.022699502669058
6.425881977727674
18.165775574819087
5.177359760713878
12.88862463142546
9.277487887135969
15.359201808960725
8.640656893364232
9.576172044043098
3.136992858268404
8.949531610157502
12.928171867711827
8.756834034612952
6.28078899922984
4.322588973673361
6.009916057861481
5.2149624213224675
8.434809690565546
2.5847232330147305
3.943057845878113
6.299617801926328
5.268910178747065
1.8334851888131003
5.1103102680790435
1.8671495279147141
6.129632633961835
3.35442501316047
4.0337589629044714
6.492847474496214
5.2371869562422
3.311966161693032
2.7747226094052166
2.0811735700324805
1.670186800851606
1.702842808263034
3.8202656437617666
2.328806817011005
1.812226425171347
5.299155822726176
4.475262321018414
1.1588690596231972
2.247221602320651
5.199729059223715
1.7410385568740294
2.658143810109035
5.221045164268964
2.9404703245591666
5.23494000169626
3.884154967448689
1.3410103738369523
6.472975187254605
5.558487721135538
1.4988880605956916
4.565693786899485
2.073087369577091
6.578243388594735
3.9636110684880568
5.730792713666403
3.33637454094353
7.980226151913026
6.601815413585708
9.06110139950531
9.380812760362652
6.951737798312965
3.3371806317717545
10.628617800836322
7.376462707775598
7.87572188513778
7.259249068209961
10.995277412255895
10.842473721711675
6.80570096311649
7.83399753091983
4.02501011447355
4.168245683009065
5.070629723414051
17.222490524042104
4.665562008422764
8.653399506368869
5.427415633963508
15.854995142796865
4.247472762779078
17.739674060694114
10.564848116588353
9.567167777452903
19.046776520370447
14.188679081221151
10.665522681250817
7.148902122307092
16.992894688230592
6.507609115240907
17.385552902181065
17.305185516628967
11.20573609358856
21.278409786615867
15.964060675174903
11.733938983445583
7.18762812977724
29.9500695412815
17.318658044112684
31.834060685242136
14.760555406360725
12.793255849482055
14.821427694534421
27.673785018979704
12.102892556025106
8.985467103329482
17.839498204410315
36.60955088662291
25.416616454237257
7.830047813839921
20.01174094652524
22.290185341954786
38.541479235554974
24.254466480162993
28.61208667981795
41.55418112010835
34.51419792732974
41.33191280105764
40.25045241823161
31.67170677527356
20.51365757101272
42.057789695660226
21.680824203342777
14.809124326866495
36.95118710393212
18.144032736071434
41.814737960130024
12.138914937609428
28.018546488302682
16.048480052156474
34.34576548893594
48.32808540476327
9.196593698297722
42.60470744604446
13.590483242179461
40.58778170031609
29.316664335978082
10.977066389459168
31.699456587721222
26.29221661537545
15.54253003195948
14.078269581210455
30.354975037184673
13.358747155056411
24.683799900421832
29.401902030002933
34.345107660121506
22.43312831504184
36.22215511050125
12.217663775972
25.386839234327546
18.931382242306682
29.68525553321624
42.4203981741639
15.96072228265107
43.61291166067731
11.432601959156639
29.68343490554029
16.50103010791444
32.31825295840239
35.91050012438604
15.776531661026274
37.44074387434555
38.12611210955948
35.60462567776966
36.64794789149787
21.547032006337155
39.232219888808515
19.47658100792627
18.370470916504342
30.39247691451984
26.96233494072265
8.115084789122681
29.209856689961477
20.270885217242
11.391532237627262
30.678602795845855
19.46792727514054
9.987033481552327
20.752002525742896
27.598712545799675
10.347731393498721
16.101608497954466
21.042906192796163
9.237486833808614
25.498395724753117
25.75707235447429
25.875992345627697
15.139824632008722
8.835711177964674
18.865768683966426
8.97038790115695
18.97570683024778
22.09825180715495
19.509860505451247
9.5774637984073
15.766456623854816
5.429117622125283
5.340321692091806
14.398908315834063
6.856676268058144
16.010996825082852
7.42750898646122
7.898112379731337
11.595015543045982
14.13029524217086
3.8477667800365745
2.94151603438941
12.47009353695092
13.155131796523424
3.9652471664845677
3.7376343197182162
7.285773372606902
9.914154745406423
9.576480560272016
9.697382581125023
7.190401762730765
4.915568005882418
4.953862889616882
2.191944554253785
7.176081970499565
3.6041328987493406
5.6444036731837635
5.065019729797328
5.326624919805674
3.0613120008949606
5.566438375335434
1.2503851192162674
2.9206837174980893
4.539171375126241
5.338394099717342
3.9051470814882014
1.1182137878083644
4.661860797369458
3.5147480024568267
1.8373786750846048
2.9698889961693604
4.314623638976391
2.3919605709031577
5.254213795995675
3.2893188684896844
1.9221235924857334
2.1950251172671633
3.653490294274606
4.902798100382368
5.222687645981501
5.159842601575945
1.7262276679306425
4.469928198854634
4.057877351460254
5.608849248185485
6.336940133027233
2.4079286659471566
7.02943886429666
3.246377932082629
3.348311127355021
8.69823427820307
8.217168645500132
3.0932454826385842
9.213262036669216
3.884913860157081
3.2853804563679985
3.405184316391022
10.203856505452297
4.933220006472301
3.831474533350462
3.202951112082879
5.869304549753437
9.43133392027929
7.002115319667842
4.618228201375129
13.190723279778817
12.544509141378128
12.62650392496769
13.665372689229127
8.10308348329989
11.739719438826414
9.32468662579447
18.890525486081906
15.573582930527605
13.53529641167269
9.569201883106944
11.519641420253112
13.828385048010443
5.51598652693478
19.427368780495918
18.825663813986587
23.310912667222738
13.295686633107715
26.761747965377914
21.359405611633704
9.638413537596742
8.586782525620102
22.37621412429067
30.22258559146453
28.68319431318664
19.485878614670572
29.241106654782744
28.417109251125854
27.483052922589042
24.03385590377122
24.026702755505937
20.288923996555294
36.9646932286569
24.512702428978297
15.66146406418445
34.406746171878034
30.730438158016494
18.262653897275765
36.137972081986824
8.67927092889858
39.071021912066875
41.59316003251306
19.08217006532714
29.997963100804785
37.615866307624025
42.41861891474564
17.868064519325785
39.81385598695363
12.110105935198023
40.675060584899136
33.92747129157035
12.42930724539946
12.347422561748639
17.693243804214195
37.75663415223575
16.041724640217275
40.4246888762605
22.73361372511993
22.96600463662519
10.717353851275035
22.18934319562232
11.75865051475509
18.892489322022683
37.120403169587725
25.06157866498365
10.630181795260444
41.95931178759521
28.93104254455524
25.7785852461465
23.243926548145
27.663646417951266
28.023857502127246
28.3484849022042
26.381331290180647
10.678628485477473
32.35620847621349
22.203848695705425
47.51668872472403
34.256386469678844
23.17070210400906
10.236854124681035
33.720025885548914
20.968822505823255
14.06290313208648
24.791822553948375
15.847051958220462
34.6494362863457
36.695183995645415
43.71248485672476
32.98629418265932
15.935646757031883
42.44253318605137
17.813819005800244
30.15925115495479
15.912261000348058
23.076339587813013
31.938303379952824
34.63353818196283
27.672106159585272
32.34492273732846
30.46467181180203
36.20239894523761
19.0497805002367
36.13228904937287
15.25249722486925
25.831926204085143
13.050953238352495
12.48788308986344
17.538561261943883
6.757597110169493
20.707014539685606
7.802288079404464
8.802237236703293
27.681810170093097
7.454718111985688
24.249217114152277
8.968493691224493
12.515366457334023
10.83044980235385
15.411528572206514
15.003020434451477
8.02009549907671
13.433919307483498
23.06252863448465
9.767299455617229
17.220388230991475
6.922469036642685
18.148702706954612
7.643487850461827
13.904622476915801
15.779013914105645
17.217483456584155
13.060321413884488
6.840123074757076
12.510997047474183
3.0722989749305807
4.869672504681112
10.919572571299334
12.867463689840065
9.261843799274292
6.532851795910519
10.232213148302613
3.6616543539216453
8.387251650245151
7.772758320609561
2.738521046124263
7.650474307582137
7.0102797441018705
2.861489870842263
2.4857276172139255
4.880794448053597
1.6026283783489859
5.359526992110832
4.2697691255323535
2.0830790064279334
5.419197457761545
2.898041923052556
2.461853365788211
3.044034298087489
5.169831883243514
1.7281241497418287
3.916104103795779
4.31621691067212
5.410265282204668
5.481947663476623
4.015861178938335
3.7840352314812087
3.582513453418322
4.733790141636768
5.089150061277299
2.4641734426991175
5.319591887555491
3.945320635035338
1.7059591414454902
5.3023829111815814
4.596380465752537
2.3946236790722395
4.94831244835006
3.4776303142886307
4.75175140789922
1.2033065419225606
5.937737845093359
2.8200086278171534
5.713617972743705
3.550583659898621
2.8457734453417847
6.977589221020223
1.698061782199049
9.023926464006754
2.9261167489385507
8.720776248953738
7.642684451819573
5.484294883178706
9.673548259209934
7.752370631900879
5.6056080182351256
3.089208973369897
13.789003076876345
6.313336286478209
12.120145192410057
14.289664504704453
4.160672837466601
13.433084556011702
9.558077531520592
13.633868701696573
6.457306064267223
15.908554007624504
6.804150736040208
18.47946282422719
16.032561861059573
8.767002905805331
17.967742710063742
17.686056993164698
15.544361844729298
10.411429193730926
9.459443919012053
16.027145094592832
7.226902629787652
25.135374234902525
9.986182298148705
26.812290165627925
23.84428002306308
17.012404416220246
28.38920833256453
8.84962450881481
31.144132449633926
11.07905601730578
21.91896405311208
19.30388708943977
23.559369445894212
26.662701472290962
35.52537654414155
21.82266078142088
17.953302491474428
33.56913612322055
16.911027011677223
31.01655291521958
38.8849449855714
13.84569230161446
36.250586953169126
32.70512724519813
37.67593554412887
25.38286310789571
9.894500191985692
10.884801930818696
24.679325242654446
11.111780945695477
29.269568137220922
9.453314477071533
17.008108417859923
33.276566774986634
25.733227358581964
33.97660906629495
10.82138755657378
40.31075930679361
36.722134169597645
37.09888873938015
46.32610227646107
41.70849154648996
13.126435334673662
22.4026267344168
43.29734084847771
16.729182971572534
13.834415025770308
27.473377219000014
39.85536316776297
43.729665307768805
19.158098969090773
17.83579072241663
20.02543221906539
10.064720543189523
43.78392580242871
34.54139593297601
34.6280455703257
18.729530744978828
42.65886401957722
27.800677849721616
48.16599870173272
30.47443809877469
20.89357934408685
21.40586026296981
14.780019544930374
16.861046328000537
32.49492824557823
25.541890930314697
29.286753643288506
10.551914903409044
34.56833615195284
35.46839255128489
21.169449499407804
14.996597322053562
28.74592392144999
17.19397465449209
32.430668098855364
23.097310786307673
32.717655543852324
33.462595937048775
35.8142472905771
33.315299459168905
26.133753215474165
34.03165821501049
27.64360650099236
23.728102760175602
35.95673504924039
31.37392528029755
29.919065005937938
28.08164296776313
11.836171398363325
10.357247759179634
31.867154189123006
9.839276216498819
24.812497708884308
15.812663134232853
18.30656233170467
12.76151777117749
25.348477466842162
15.16785909216927
23.758034568089435
16.823492162394174
9.715503621888065
10.617663822654157
6.412766420706038
19.766180585832657
4.920274850874767
5.354234037187777
17.946137918654927
7.546804746969828
11.974958398342654
9.239986100638067
11.583647124451268
12.768319637266424
14.506626748337702
14.931312129947443
3.7950076598637668
7.92056036128001
10.91485952167827
5.530403088806472
11.811993123390494
10.825356873338887
9.543203539727545
3.9632830540539823
4.1489137439481905
7.9336902084513845
8.886911614643196
6.200668730390654
2.957086006247955
5.0845583806403205
2.6287282013268927
8.589441785120917
5.484913539408788
6.841346476289482
1.797462743558789
1.5953183606313874
3.774448163877313
4.2796347579820315
3.686427935496684
3.684451052861134
2.623727891597747
4.157241428463974
5.351982473705124
1.8819340450134237
1.227830572775856
3.3148781597197545
1.78294003131247
3.046869346870275
1.192845122012097
2.8095373344287755
2.708850628323107
4.133947208932427
3.751759758627753
3.247488606844078
5.296747792566406
1.0812742452017474
2.624749163752085
1.7543670921961998
4.494340176054841
3.3003919506061252
2.1532801023678587
4.832366597905722
6.4064497042918696
3.229156125520665
2.504333662105828
4.184104952629364
6.137709924210344
5.884566335749036
3.644288763080684
7.455641215552189
7.253691309540525
3.6012626283110443
7.822627314770412
9.69595974516433
10.96418801064818
7.41231457147334
4.932014427750191
5.053359975048235
11.15202335002921
9.298975200163424
7.21450483198632
7.53948320826779
4.013995899173722
4.315942884225098
3.6406013564027027
16.147685492648186
6.990607349095311
13.095965354195016
13.565206009105331
4.59756156729041
6.7695537882777295
18.378753822970996
11.020819843248153
21.613030444558547
6.3031500651697
8.452819990304052
8.701227425177967
13.744230581115804
22.352361036279298
9.224971658582774
22.031920221426986
22.340742580497913
27.51485358200422
6.583982450719149
26.82843847194408
26.706595708173793
6.068123378603693
19.011907382562082
13.063105227912862
32.96553055503502
29.668505489495278
15.631912005912834
13.664032152971917
19.3379951259476
8.686198986966064
6.8934765426192
36.54114003785247
18.3002215430586
20.321539937903022
7.54869243556877
28.076983565644298
18.83149765927341
8.521035551142528
31.725148929293596
22.808230715855423
20.409809786272078
40.878224504713764
34.978026342025295
16.88261592371443
15.77343187496973
10.421060181481618
25.19793839639634
19.143663887621038
33.03129724280313
29.947753714931256
39.07151623807927
25.252901841396984
18.36762904591446
11.273891107278258
39.3951238246396
38.1791975511103
15.815880607188355
11.527034382438545
10.315052150664007
47.75272082882089
20.770661926500708
13.12939684310218
9.628651840460243
21.44239171739097
47.899010667475196
23.646131221820543
13.386845192414217
25.309609788285158
18.966944435450035
16.564543751314226
24.104826039703248
9.876954203503153
25.077494363905334
8.867701201335802
10.09881377961159
11.009784672627921
38.20014090160488
20.82991932779604
18.587970234104375
26.526549253486653
20.454777972982086
18.094599198461427
25.579732786027485
33.79967695304055
26.464090473185585
44.84030589266172
24.5923338124297
23.638255555801543
36.29388388488975
14.87338023805748
10.685915353381333
34.992379538166624
14.105053713945702
38.24793803018786
28.86192758381747
33.94504213959052
23.77747657132074
25.15320428242853
23.227554004234495
24.875214820322288
17.160001275852128
30.998038815564115
34.12171570090405
8.584465018165846
32.93325981238654
8.205938202534306
25.80455054596759
7.151517407274928
12.884716490114366
28.415262072744426
30.412908321067643
26.077715898870274
7.136604420898507
13.428511424664748
7.411345999665062
6.673005716561294
25.357926187472188
11.33800358068103
12.08125636265123
18.296373093849034
19.483290931063056
9.118486328715646
19.28508397742341
18.25025062554905
9.870626958612467
19.70122321474454
10.691789732752504
3.637242472884498
18.526632745153716
5.518063368563302
12.799288965779311
5.547401511082917
4.066445320635425
12.638377196293824
9.796142025084674
8.45366170731577
5.597419706983596
4.521823107488425
8.212092162516532
3.071449665306663
4.574404242193845
10.103524887506302
9.427135369859512
9.035680401000121
2.5147476465325203
5.485184956249931
4.354058843326424
3.8839696486398494
6.427904475322403
7.013929636508291
7.671313853512082
6.504040163275551
3.3793725848341234
1.387705915101044
3.9376963267339926
2.4205275588991197
3.9235338106943116
3.4008373920716695
4.23001819076153
2.5906738409468417
1.879998037353977
3.3869045661085284
4.20949527720209
4.37941226820048
2.7889642727946344
3.539668271958818
5.493925589297523
3.9660988592932043
2.1929078917570104
5.110526462495947
3.685678182793729
3.5913633567362124
3.3608008505908615
2.5020997681771773
2.7355338358161485
1.0528328736141126
5.292776346606415
6.098445515937704
2.1173091253258156
2.360098381771434
1.79844425920365
6.3745218192362385
1.893291391425396
8.397966079816621
3.6107825566831036
6.760128876067483
3.0054284319716285
6.268794716470914
3.7501048196920457
3.5597395894102846
2.0193885441817674
11.618588511778915
9.680778193541306
6.557168889685491
10.444319273477651
4.493132440528302
3.794398644023764
4.859679243346749
14.962207070261837
7.999335011366645
15.635862501904871
10.926186650984139
17.68272371375322
18.484049915998757
7.508528830286119
12.380286499191495
7.852863576780892
10.123883299776823
11.752616520063345
22.588632842562184
11.663913308727087
13.114522644725254
21.58069162723551
19.21639196281377
16.33311522270993
13.513469972430615
21.652007304137776
9.35360661811575
12.962432186224444
21.402849283865965
7.833945935030166
27.609328874360077
6.111130043548956
21.656293691374326
17.519390665288537
14.787126507597732
21.392544578445143
8.342227376677478
10.478047704438946
35.68579468396385
31.7251996630313
15.977175059852813
25.165152577456293
35.17339583327349
32.99282848718088
15.054756832252082
13.22146880883751
33.1754665852661
34.74847282997142
37.2567924892647
34.64028180767771
17.247983353415332
24.85074728850602
13.720510318412394
36.37581758331132
17.293792717063173
33.35983979904783
43.12356972403034
35.1152859687084
41.5291448773999
16.22416827767459
23.16771599419928
30.463789738922284
22.055192083398435
38.18540652642089
17.936314260279957
23.503193420255812
33.09124819662629
21.87645436765091
35.65757088445725
12.309722712221316
18.26049537032065
27.535309883600405
29.24765800455163
22.274199283895225
28.307337623509923
26.686309203696926
27.64943708738444
21.43080569678025
10.78461682292969
35.442025438323334
30.905005333490443
12.17653906235103
21.368636995586254
31.12164841302286
13.193916034280821
25.944432987547444
35.10836161233923
17.091747673876114
11.791917096876317
10.309215612003683
18.645862982324413
13.561907342983075
31.51679997619309
38.480556093819686
17.91233112740308
12.976979488825446
30.40212411981633
19.092920403667264
13.966217319885
18.37629065038821
8.189875563627742
7.863936307359477
17.572551087483333
14.48560327521711
18.547761624000252
11.40223663284109
31.14589507371094
11.357987914484456
29.677512937732615
33.93453075042129
6.786081720443536
9.826984937292039
23.19641532803702
6.4951607678888
30.434581877828702
25.99632466383744
19.230295552186153
30.0755088115484
29.77925315061932
27.264222501179294
6.567368340095565
18.21572708772592
12.5914847018107
11.060871598369648
10.90541666624466
11.856022344342831
22.69445158588719
20.61800929820732
23.90683926335401
12.569215253406089
14.10221300158551
16.657263565073755
8.614367900330302
15.811379270541462
18.890717023024937
4.670543894508521
15.757150983760598
11.897131379821829
15.011132675221532
15.196665367787581
10.081535347341669
3.7418590553595616
9.663514901875597
13.084574317912328
12.091415014013709
11.851667107709494
4.298632707274308
11.100729001357767
9.17213347207946
3.18211962659577
8.432303416296643
9.531347757484625
7.761037979660381
3.331254259735787
8.541701647083837
1.9977167022857414
7.552876386461227
6.908457262489227
2.326868665328666
1.54197983044948
2.405297776350499
2.5788441641849125
3.214351208107024
4.101390672626148
1.5424432363405696
4.934711539741359
1.760867105883904
1.4101852471314447
3.9563846312347186
4.518593023377257
3.1119088060780036
3.8844233510401693
2.7799790234741675
5.301653332585198
4.935382599421581
5.205129855891288
4.782749481743458
4.0034900343967195
4.0018112645670865
2.554829587713555
3.5049705949366916
1.6849497791378654
4.8791957255401055
5.049333170607397
4.745216910255089
3.502474427549404
1.7161038386440322
6.214099260742383
4.52743296798743
7.3098410711125075
6.136967876775575
2.0527335501207387
3.714684002272796
7.312996705570475
2.0533925140820815
7.379481137445631
2.606152569589424
4.594636087641701
5.680014506663231
2.0344427469870277
5.848080883894177
9.902952650983702
8.481880965598066
12.170969636261587
9.615281768597033
7.130414382621589
6.815192213189867
12.017697495199537
15.956399137930395
15.607856758807932
17.07038203736153
8.365803856298035
10.172411974071098
8.19035126861911
15.667374020028443
7.4658811985777715
11.983867126303
11.936243724795927
9.546927388518123
16.00257066933339
7.514393676576978
14.982012852094218
17.142567652182503
16.05623372782057
10.216029516286874
26.979552645367207
25.897358789576472
9.838410261451815
16.001302137833523
23.546881127874304
9.303841886259612
29.360427397411403
20.556754443555814
30.201814211660963
18.077658858641374
16.454090246348056
23.478726791786684
15.591611551594053
34.337736906736666
12.972003195237033
34.82009710066711
21.673864916459436
32.39262007796311
30.962314151439248
26.073361126117867
25.81263416512785
35.04118225394976
35.39144259367567
12.268690702794277
29.25942747624194
17.151491919274196
29.440758297227674
16.287695558881165
27.323353847981906
18.714967865629266
12.561715188501731
22.470474263261828
12.54365569077746
14.437771689527562
35.81113209317652
26.506910877582456
36.998515537755274
34.86605319160174
44.8560163605006
11.090893824175934
27.019227040914068
42.128277220102326
19.05608826258532
14.266523742915725
40.3226837719046
13.671964188053638
22.182986528622635
36.30784909069624
33.64725976819845
41.9668159765632
25.686536514229598
33.7705377636101
17.649426615219703
27.79628553974779
20.30334944756651
22.853815875727477
47.904055441040725
44.95797508245048
28.38690367221964
28.62705578323348
37.817083569954384
37.37586319023148
25.570939048156625
20.308139576068537
44.993591676216724
23.96147780020022
17.871285922600112
42.7906455441651
34.708768638390836
14.797395889090309
32.06109681664276
15.021681422013698
36.49949076725777
22.459073468184524
10.835343155636295
35.26106269539227
35.316699156086294
14.785255139488164
34.875133074314746
15.702166542268664
14.469840657807428
37.519074073799764
17.978050424396674
28.523437749591697
30.779791755861154
15.195000366542866
34.36365983445814
10.006216942583663
12.866219690137662
30.557869267655988
25.07193960493239
6.418428923823654
8.482366758163018
23.707176973122067
22.222344091521588
8.585304812827943
10.418431934350249
10.60176931290995
14.806243608308026
14.433962193682298
9.494356181702818
15.118931688633177
12.93627446406283
5.428049575450308
15.10199464066282
20.14500990752048
19.301353896586747
21.217414195676618
9.146881041022572
17.001129851768503
9.941304117436228
15.49981633272138
9.068751142677414
16.01571603187339
13.408056112885248
6.267493496459467
4.682729332090487
4.49640666518398
14.295445762214037
11.066290965867061
10.436646649582364
7.089245006685667
6.326186501796136
9.677063331037601
2.314383780425506
2.1606397403486213
8.20372531088567
4.020592275058436
5.28183045687459
2.998292314264261
4.689329380144864
3.4778581834951003
1.7074916880464934
5.40220922595476
2.921290230169758
1.2367601888371755
1.8894673457601128
4.22442910105466
1.2599377002219747
1.524262997661341
1.8127176699931533
1.7753123251291258
4.168629055149986
2.2888875079367215
2.303787440711103
4.464459181440809
4.831119284974312
4.243824994805092
3.716654476507355
3.7719931001837947
2.159785633777986
5.333141609448785
3.0786181665631815
1.110017455938436
3.7886383156410752
5.285246968765578
3.1018530909237163
1.4191581197134218
2.132885436474357
3.7086904252877737
5.294327927460115
4.630210025886561
6.149238769392724
2.948448972862333
4.555353041189599
4.35123433068504
4.178375956293571
5.940269971125517
3.5593518080603044
5.083232004619548
6.868433698146122
5.231035779193097
6.818900442225011
3.925223731303651
7.585173063020956
11.909523409894119
9.737406057777354
4.840857092857687
10.50956811551734
3.093412908588636
14.27725069600022
13.2229484563178
3.012508084273912
11.748483664825939
13.444685252914923
5.964438579411613
10.619257043452732
13.91812357800291
9.161600441236558
10.045425118906405
19.726954907622005
16.773769365875182
18.582697842089175
15.001772927058038
7.532898434617462
5.531027768261554
24.14104341678083
10.656124769072363
12.75175805956914
16.945341481179717
19.836798315771176
25.873326132525662
16.833753371346194
29.308540669063945
8.244135818957389
22.165978610206235
25.74570740024698
20.39294169862233
25.55266085963903
15.924505594738246
7.408840101982548
11.541541784034461
13.300883550136728
14.284253588528108
18.461532071453277
11.922411458938775
37.71272125362038
26.97641700842601
25.41069698753464
10.377060370282894
22.61696285989866
34.13331283607809
11.17625383723416
35.59371179309166
28.035745818718922
30.94920533505437
20.00711113752244
21.076631506637714
30.70166722077203
16.273743126997076
32.35836127101431
37.49255620847784
34.9134418644171
28.182032483083148
21.151535858155857
10.27865517977937
10.861079318432393
34.93698570272425
21.538483948993555
13.782371601759774
42.81579139508243
28.91177185250992
26.903572424011614
13.592082512058727
23.75250099409871
48.10513455848603
47.450639905201534
33.18890582153607
10.732258390095732
25.774175751241994
32.930651985465374
19.03370909106875
31.768656585097535
27.459512802977933
42.523012600439564
13.548075045381506
36.80222947498904
27.025781638388885
39.09560668068672
39.48662969767922
26.64486754757414
31.805240380543555
17.306197595418553
17.82198686412412
29.868943991095446
16.58465300341909
45.18127198711966
39.74173341116473
39.73098820873557
22.995143702802608
25.233959966234252
12.165831626316098
27.805226484197874
23.94892529609007
16.668469203176155
26.597097069610648
41.25541863826366
19.245355284742995
16.626814898133844
15.945422095057205
10.446202291810572
27.85419617503652
22.6395773114771
29.171289123313983
15.683023178188016
20.550163912172074
12.402487575050142
29.335212368712433
25.171101404260327
28.921357246679747
29.09841593666948
31.18229165100281
25.834729754259865
14.221931530302964
20.204146769507
17.730553688487287
21.14988387676989
27.90283340621347
9.669921638800655
5.473100943823754
22.756052073399175
6.585809901406879
19.01029587862315
16.580269716645535
18.154051300424992
12.671092677087493
8.181015343757608
14.949980958500483
10.05392069557845
4.430722783091674
4.282711435632173
12.110620895693662
6.651638390975363
13.853710296962781
4.135510869133456
9.821750316006879
14.546870176654721
5.105856631632275
13.606784427195317
6.030272685223168
8.089165025790773
4.008521209578779
2.9305707332864275
2.9140650148831777
4.687665139064517
10.43606564455381
4.649425403649446
8.611125577242456
8.43649670641084
7.282120163477963
6.469765727389243
5.225844040596934
4.364889627165796
5.086867309164784
6.179476533920552
3.1494368026689568
4.077027856133088
4.659590698710831
4.271146231667904
5.0996496445918496
3.9994486883167903
3.8714166414850837
3.936425946261648
2.5297328908402927
1.2901142543182993
1.9002725693698466
1.0889760191799205
4.297513768444135
3.4515737446237704
4.7477573873806165
4.038460077144138
4.258392518596325
2.5072105311246218
1.3723222875740537
2.1541335070717285
1.4212151828407305
3.7369517759693363
1.861115345573967
1.285310278967399
1.5301291068175484
3.814718674395718
3.134593144835861
5.618618664738472
6.4762318199358635
4.387326396966461
2.6679891830832494
7.66000917265495
4.449572085018513
4.528174005292978
3.431287127899337
8.398731694813897
4.481695029061644
8.675655087481415
5.812218715263676
6.908016200672734
7.152832483788969
9.342055582892332
10.232188527470445
8.906348944537934
13.567158585058186
14.298244685285653
6.056250535255214
5.220521020210837
14.71382958048663
7.994643360109049
10.060624482434644
17.70924325623536
8.79516617711023
10.131274240469464
5.772762249290376
18.240057488808617
15.652316805450251
4.368359787512538
11.52565844486382
11.585301490177654
21.21668223947187
18.497776006794638
24.777973929967196
26.139192011853343
5.176227621887997
7.2103482906925604
15.083411805524428
24.450337277855173
28.47790445380661
19.728433225637076
7.316448421836604
20.748445568140532
25.57068697596047
17.03439497776142
32.3543505432148
10.917253255270357
19.548414580141326
6.431334148659094
26.40567832260497
13.437130691337014
26.37148462048384
25.26093195106168
25.73466352310058
17.174699887302637
36.97508405228284
14.864091339097593
33.585530890062834
38.34077483375398
17.443863313642908
10.203760780150393
38.026351444414146
25.409791129542505
10.530988896001986
11.100664349042821
14.171263715900544
40.36634426615113
44.688921204923105
16.331957573183516
43.24006022759755
37.3182057268447
37.70192514026107
35.45100676909121
37.16491739045926
28.76657764205079
11.281909073878735
41.05371749859287
23.332647875854647
23.22857911451181
11.107363778585826
14.58080322130322
36.097721664196555
38.96919032863981
31.93894138402233
44.98087594823989
20.054897014474093
35.95253896111329
33.144352374012115
26.490650603016345
29.879538862865335
27.05141126167525
40.57649515911511
29.03114802154431
43.45803324029118
37.30855700047386
15.928190924811958
37.23311218989475
39.577181109557344
36.84068285192079
21.849671286141223
39.37333174847935
22.73456523043265
17.517477550717995
16.034054180313554
28.006173079740584
44.94173884846412
15.5244086411073
29.512899793335254
34.79510461473825
13.909166101681185
13.758701781373627
22.242401421017053
39.90564310359659
9.22819342941422
10.58180576994588
31.55683367251256
34.69953116792799
15.34844484794937
8.612936807186538
16.744479805851356
22.41530703540184
9.758488585093396
16.594077143952113
33.16223713663962
32.88197573090878
27.77340491258956
9.537486239728171
10.989141637163188
21.330008060271588
30.088566796534675
29.059695463313385
13.133540339653944
27.35045230763501
12.65914911316328
21.719562252534107
15.022029204847614
10.341335845502943
24.725639791153636
22.32534679996163
19.283116354129582
17.137787583889832
8.958942633659731
14.897223920641736
16.295505604776785
17.476067760377678
3.681349481552697
6.839309946614629
13.624350599111871
5.619779526894619
3.215258785693387
3.3771413170745
7.938402386108733
15.356759594605787
8.68602884709853
6.29881608881575
6.5776525904234395
3.8799818426146424
11.39045512850566
9.147880604810897
11.420866972102639
10.743997904627268
5.472477625951402
2.321993862870636
8.4997702145081
3.613008046535496
5.728709356230864
3.8382214557267966
2.429508829562202
7.097954321066059
4.87781064116442
1.9180209473458816
6.228448081547105
3.253842904159569
3.5015654676809285
2.471532086301695
3.9431346243112344
2.3611165087513166
3.2356653913157247
5.401585167169715
4.644381246268885
4.2721991226192415
2.154107745263998
2.971151298370134
4.279904145865272
4.125829069508052
5.4369227112886085
1.0361721516873459
5.312787866951
4.641142926665575
4.17466685502162
2.3117391285997884
3.5725395341973334
1.9458158369994927
2.1079022514754673
3.1208858322162043
4.479166263510258
6.372252883569972
5.347077276307084
3.327401091336162
3.797707028808608
5.453329071036743
2.882859407781341
1.6773202543819874
6.052388199161209
8.03815142370027
5.1656817775711215
7.22356612732272
6.353117298956315
9.702279680170765
4.9734825519794
6.90265076534637
11.173632346148922
10.506167623261291
7.013074011946757
7.519597330059926
10.052320386122794
4.764057937266825
12.15277925205216
13.135244835342558
14.202928377626522
11.4503733030535
6.934153172831002
15.766526903445287
18.174245469581066
6.695367534248421
6.966169104413098
18.06889305584486
14.820311128396408
9.722484542258764
18.743734586849488
20.79851026650981
9.297020453429303
13.741242047273657
12.197759202108346
21.754803727552343